move_PS2=0_14Apr0315.dat	0	0.000000
ifgPS1_at_PS2=0_14Apr0322.dat	0	0.000000	0.000000	0.406494
