move_PS2=0_15Apr1900.dat	0	0.010986
ifgPS1_at_PS2=0_15Apr1907.dat	0	0.010986	0.000000	-0.648193
