move_PS2=180_12Apr2104.dat	0	0.000000
ifgPS1_at_PS2=180_12Apr2110.dat	0	0.000000	180.000000	0.021973
