move_PS2=270_12Apr1951.dat	0	0.010986
ifgPS1_at_PS2=270_12Apr1958.dat	0	0.010986	270.000000	0.373535
