move_PS2=0_12Apr1844.dat	0	0.010986
ifgPS1_at_PS2=0_12Apr1851.dat	0	0.010986	0.000000	-1.164551
