move_PS2=90_13Apr1613.dat	0	0.000000
ifgPS1_at_PS2=90_13Apr1620.dat	0	0.000000	90.000000	-0.373535
