move_PS2=90_13Apr0853.dat	0	0.000000
ifgPS1_at_PS2=90_13Apr0900.dat	0	0.000000	90.000000	-0.318604
