move_PS2=0_13Apr0522.dat	0	0.010986
ifgPS1_at_PS2=0_13Apr0528.dat	0	0.010986	0.000000	-0.736084
