move_PS2=90_12Apr1907.dat	0	0.010986
ifgPS1_at_PS2=90_12Apr1913.dat	0	0.010986	90.000000	-0.637207
