move_PS2=180_15Apr0748.dat	0	0.000000
ifgPS1_at_PS2=180_15Apr0754.dat	0	0.000000	180.000000	0.527344
