move_PS2=0_15Apr0838.dat	0	0.010986
ifgPS1_at_PS2=0_15Apr0845.dat	0	0.010986	0.000000	-0.461426
