move_PS2=270_14Apr0422.dat	0	-0.010986
ifgPS1_at_PS2=270_14Apr0428.dat	0	-0.010986	270.000000	1.735840
