move_PS2=180_14Apr0819.dat	0	0.000000
ifgPS1_at_PS2=180_14Apr0826.dat	0	0.000000	180.000000	1.274414
