move_PS2=180_15Apr0152.dat	0	0.000000
ifgPS1_at_PS2=180_15Apr0159.dat	0	0.000000	180.000000	0.461426
