move_PS2=0_13Apr2119.dat	0	0.000000
ifgPS1_at_PS2=0_13Apr2126.dat	0	0.000000	0.000000	-1.252441
