move_PS2=270_15Apr0810.dat	0	0.000000
ifgPS1_at_PS2=270_15Apr0817.dat	0	0.000000	270.000000	0.856934
