move_PS2=0_15Apr1043.dat	0	0.000000
ifgPS1_at_PS2=0_15Apr1050.dat	0	0.000000	0.000000	-0.483398
