move_PS2=0_16Apr0258.dat	0	0.000000
ifgPS1_at_PS2=0_16Apr0305.dat	0	0.000000	0.000000	-0.670166
