move_PS2=180_13Apr2203.dat	0	0.000000
ifgPS1_at_PS2=180_13Apr2210.dat	0	0.000000	180.000000	-0.373535
