move_PS2=270_15Apr2143.dat	0	0.000000
ifgPS1_at_PS2=270_15Apr2150.dat	0	0.000000	270.000000	0.659180
