move_PS2=180_15Apr2256.dat	0	0.010986
ifgPS1_at_PS2=180_15Apr2303.dat	0	0.010986	180.000000	0.230713
