move_PS2=90_14Apr0944.dat	0	0.000000
ifgPS1_at_PS2=90_14Apr0951.dat	0	0.000000	90.000000	0.087891
