move_PS2=270_13Apr2005.dat	0	0.010986
ifgPS1_at_PS2=270_13Apr2012.dat	0	0.010986	270.000000	0.450439
