move_PS2=180_13Apr1215.dat	0	0.000000
ifgPS1_at_PS2=180_13Apr1222.dat	0	0.000000	180.000000	0.098877
