move_PS2=0_13Apr0056.dat	0	0.000000
ifgPS1_at_PS2=0_13Apr0103.dat	0	0.000000	0.000000	-0.769043
