move_PS2=180_15Apr2120.dat	0	0.000000
ifgPS1_at_PS2=180_15Apr2127.dat	0	0.000000	180.000000	0.208740
