move_PS2=270_15Apr1325.dat	0	0.010986
ifgPS1_at_PS2=270_15Apr1332.dat	0	0.010986	270.000000	0.823975
