move_PS2=0_15Apr1724.dat	0	0.000000
ifgPS1_at_PS2=0_15Apr1731.dat	0	0.000000	0.000000	-0.725098
