move_PS2=0_14Apr1517.dat	0	0.000000
ifgPS1_at_PS2=0_14Apr1524.dat	0	0.000000	0.000000	0.230713
