move_PS2=270_13Apr1238.dat	0	0.000000
ifgPS1_at_PS2=270_13Apr1244.dat	0	0.000000	270.000000	0.538330
