move_PS2=90_16Apr0321.dat	0	0.010986
ifgPS1_at_PS2=90_16Apr0328.dat	0	0.010986	90.000000	-0.208740
