move_PS2=270_15Apr1150.dat	0	0.000000
ifgPS1_at_PS2=270_15Apr1157.dat	0	0.000000	270.000000	0.823975
