move_PS2=0_15Apr0703.dat	0	0.000000
ifgPS1_at_PS2=0_15Apr0710.dat	0	0.000000	0.000000	0.065918
