move_PS2=0_14Apr0139.dat	0	0.000000
ifgPS1_at_PS2=0_14Apr0146.dat	0	0.000000	0.000000	0.384521
