move_PS2=0_15Apr0108.dat	0	0.000000
ifgPS1_at_PS2=0_15Apr0115.dat	0	0.000000	0.000000	0.307617
