move_PS2=0_15Apr0243.dat	0	0.000000
ifgPS1_at_PS2=0_15Apr0250.dat	0	0.000000	0.000000	0.197754
