move_PS2=180_15Apr1127.dat	0	0.000000
ifgPS1_at_PS2=180_15Apr1134.dat	0	0.000000	180.000000	0.395508
