move_PS2=180_14Apr2131.dat	0	0.000000
ifgPS1_at_PS2=180_14Apr2138.dat	0	0.000000	180.000000	0.241699
