move_PS2=180_14Apr0224.dat	0	0.010986
ifgPS1_at_PS2=180_14Apr0231.dat	0	0.010986	180.000000	1.263428
