move_PS2=180_15Apr1945.dat	0	-0.010986
ifgPS1_at_PS2=180_15Apr1952.dat	0	-0.010986	180.000000	0.219727
