move_PS2=270_16Apr0405.dat	0	0.000000
ifgPS1_at_PS2=270_16Apr0412.dat	0	0.000000	270.000000	0.681152
