move_PS2=180_16Apr0655.dat	0	0.000000
ifgPS1_at_PS2=180_16Apr0701.dat	0	0.000000	180.000000	0.263672
