move_PS2=270_15Apr1831.dat	0	0.000000
ifgPS1_at_PS2=270_15Apr1838.dat	0	0.000000	270.000000	0.659180
