move_PS2=90_15Apr1241.dat	0	0.000000
ifgPS1_at_PS2=90_15Apr1248.dat	0	0.000000	90.000000	-0.054932
