move_PS2=0_14Apr0735.dat	0	0.000000
ifgPS1_at_PS2=0_14Apr0742.dat	0	0.000000	0.000000	0.406494
