move_PS2=90_15Apr1747.dat	0	0.000000
ifgPS1_at_PS2=90_15Apr1753.dat	0	0.000000	90.000000	-0.241699
