move_PS2=90_14Apr2109.dat	0	-0.010986
ifgPS1_at_PS2=90_14Apr2116.dat	0	-0.010986	90.000000	0.043945
