move_PS2=180_16Apr0207.dat	0	0.000000
ifgPS1_at_PS2=180_16Apr0214.dat	0	0.000000	180.000000	0.230713
