move_PS2=180_16Apr0519.dat	0	0.000000
ifgPS1_at_PS2=180_16Apr0526.dat	0	0.000000	180.000000	0.252686
