move_PS2=180_13Apr0606.dat	0	0.010986
ifgPS1_at_PS2=180_13Apr0613.dat	0	0.010986	180.000000	0.131836
