move_PS2=0_15Apr2211.dat	0	0.000000
ifgPS1_at_PS2=0_15Apr2218.dat	0	0.000000	0.000000	-0.670166
