move_PS2=0_15Apr1354.dat	0	0.000000
ifgPS1_at_PS2=0_15Apr1401.dat	0	0.000000	0.000000	-0.505371
