move_PS2=0_12Apr2019.dat	0	0.010986
ifgPS1_at_PS2=0_12Apr2026.dat	0	0.010986	0.000000	-0.911865
