move_PS2=180_16Apr0343.dat	0	0.000000
ifgPS1_at_PS2=180_16Apr0350.dat	0	0.000000	180.000000	0.230713
