move_PS2=180_12Apr1929.dat	0	0.000000
ifgPS1_at_PS2=180_12Apr1935.dat	0	0.000000	180.000000	-0.120850
