move_PS2=0_16Apr0123.dat	0	0.010986
ifgPS1_at_PS2=0_16Apr0130.dat	0	0.010986	0.000000	-0.659180
