move_PS2=90_15Apr0901.dat	0	0.000000
ifgPS1_at_PS2=90_15Apr0907.dat	0	0.000000	90.000000	-0.186768
