move_PS2=0_15Apr2036.dat	0	0.000000
ifgPS1_at_PS2=0_15Apr2042.dat	0	0.000000	0.000000	-0.659180
