move_PS2=270_14Apr1029.dat	0	0.000000
ifgPS1_at_PS2=270_14Apr1035.dat	0	0.000000	270.000000	0.966797
