move_PS2=270_15Apr0350.dat	0	0.000000
ifgPS1_at_PS2=270_15Apr0357.dat	0	0.000000	270.000000	0.911865
