move_PS2=90_15Apr0725.dat	0	0.010986
ifgPS1_at_PS2=90_15Apr0732.dat	0	0.010986	90.000000	-0.098877
