move_PS2=90_15Apr2234.dat	0	0.000000
ifgPS1_at_PS2=90_15Apr2241.dat	0	0.000000	90.000000	-0.219727
