move_PS2=90_16Apr0456.dat	0	0.000000
ifgPS1_at_PS2=90_16Apr0503.dat	0	0.000000	90.000000	-0.197754
