move_PS2=0_14Apr2047.dat	0	0.000000
ifgPS1_at_PS2=0_14Apr2054.dat	0	0.000000	0.000000	-0.889893
