move_PS2=270_13Apr0202.dat	0	0.000000
ifgPS1_at_PS2=270_13Apr0209.dat	0	0.000000	270.000000	0.549316
