move_PS2=270_12Apr2126.dat	0	0.000000
ifgPS1_at_PS2=270_12Apr2133.dat	0	0.000000	270.000000	0.483398
