move_PS2=180_15Apr0328.dat	0	0.010986
ifgPS1_at_PS2=180_15Apr0334.dat	0	0.010986	180.000000	-0.373535
