move_PS2=270_14Apr2153.dat	0	0.000000
ifgPS1_at_PS2=270_14Apr2200.dat	0	0.000000	270.000000	0.845947
