move_PS2=270_13Apr1657.dat	0	-0.010986
ifgPS1_at_PS2=270_13Apr1704.dat	0	-0.010986	270.000000	0.494385
