move_PS2=0_14Apr2030.dat	0	0.000000
ifgPS1_at_PS2=0_14Apr2036.dat	0	0.000000	0.000000	-0.340576
