move_PS2=180_13Apr0741.dat	0	0.010986
ifgPS1_at_PS2=180_13Apr0748.dat	0	0.010986	180.000000	0.131836
