move_PS2=90_15Apr1922.dat	0	0.000000
ifgPS1_at_PS2=90_15Apr1929.dat	0	0.000000	90.000000	-0.208740
