move_PS2=270_16Apr0541.dat	0	0.000000
ifgPS1_at_PS2=270_16Apr0548.dat	0	0.000000	270.000000	0.703125
