move_PS2=270_15Apr0945.dat	0	0.000000
ifgPS1_at_PS2=270_15Apr0952.dat	0	0.000000	270.000000	1.241455
