move_PS2=90_13Apr2141.dat	0	0.000000
ifgPS1_at_PS2=90_13Apr2148.dat	0	0.000000	90.000000	-0.823975
