move_PS2=0_15Apr2347.dat	0	0.000000
ifgPS1_at_PS2=0_15Apr2354.dat	0	0.000000	0.000000	-0.648193
