move_PS2=180_13Apr0140.dat	0	0.000000
ifgPS1_at_PS2=180_13Apr0147.dat	0	0.000000	180.000000	0.076904
