move_PS2=180_15Apr0923.dat	0	0.010986
ifgPS1_at_PS2=180_15Apr0930.dat	0	0.010986	180.000000	-0.021973
