move_PS2=0_13Apr1859.dat	0	0.010986
ifgPS1_at_PS2=0_13Apr1906.dat	0	0.010986	0.000000	-0.834961
