move_PS2=180_16Apr0032.dat	0	0.010986
ifgPS1_at_PS2=180_16Apr0039.dat	0	0.010986	180.000000	0.230713
