move_PS2=270_13Apr2226.dat	0	0.000000
ifgPS1_at_PS2=270_13Apr2232.dat	0	0.000000	270.000000	1.801758
