move_PS2=90_13Apr0118.dat	0	0.010986
ifgPS1_at_PS2=90_13Apr0125.dat	0	0.010986	90.000000	-0.329590
