move_PS2=0_13Apr1551.dat	0	0.000000
ifgPS1_at_PS2=0_13Apr1558.dat	0	0.000000	0.000000	-0.780029
