move_PS2=90_16Apr0009.dat	0	0.010986
ifgPS1_at_PS2=90_16Apr0016.dat	0	0.010986	90.000000	-0.197754
