move_PS2=0_16Apr0610.dat	0	0.010986
ifgPS1_at_PS2=0_16Apr0617.dat	0	0.010986	0.000000	-0.637207
