move_PS2=180_14Apr1006.dat	0	0.000000
ifgPS1_at_PS2=180_14Apr1013.dat	0	0.000000	180.000000	0.538330
