move_PS2=180_14Apr1601.dat	0	0.000000
ifgPS1_at_PS2=180_14Apr1608.dat	0	0.000000	180.000000	0.098877
