move_PS2=180_13Apr0916.dat	0	0.000000
ifgPS1_at_PS2=180_13Apr0922.dat	0	0.000000	180.000000	0.142822
