move_PS2=0_15Apr1218.dat	0	0.010986
ifgPS1_at_PS2=0_15Apr1225.dat	0	0.010986	0.000000	-0.505371
