move_PS2=270_15Apr0215.dat	0	0.000000
ifgPS1_at_PS2=270_15Apr0221.dat	0	0.000000	270.000000	0.417480
