move_PS2=90_15Apr0130.dat	0	0.010986
ifgPS1_at_PS2=90_15Apr0137.dat	0	0.010986	90.000000	0.032959
