move_PS2=90_14Apr0337.dat	0	0.010986
ifgPS1_at_PS2=90_14Apr0344.dat	0	0.010986	90.000000	0.856934
