move_PS2=0_14Apr0922.dat	0	0.000000
ifgPS1_at_PS2=0_14Apr0929.dat	0	0.000000	0.000000	-0.362549
