move_PS2=180_15Apr1809.dat	0	0.010986
ifgPS1_at_PS2=180_15Apr1816.dat	0	0.010986	180.000000	0.208740
