move_PS2=90_15Apr2058.dat	0	0.010986
ifgPS1_at_PS2=90_15Apr2105.dat	0	0.010986	90.000000	-0.219727
