move_PS2=0_13Apr0831.dat	0	0.000000
ifgPS1_at_PS2=0_13Apr0838.dat	0	0.000000	0.000000	-0.758057
