move_PS2=0_16Apr0746.dat	0	0.000000
ifgPS1_at_PS2=0_16Apr0752.dat	0	0.000000	0.000000	-0.637207
