move_PS2=270_14Apr0247.dat	0	0.010986
ifgPS1_at_PS2=270_14Apr0253.dat	0	0.010986	270.000000	1.691895
