move_PS2=270_16Apr0230.dat	0	0.010986
ifgPS1_at_PS2=270_16Apr0237.dat	0	0.010986	270.000000	0.670166
