move_PS2=90_13Apr0544.dat	0	0.000000
ifgPS1_at_PS2=90_13Apr0551.dat	0	0.000000	90.000000	-0.318604
