move_PS2=0_14Apr1342.dat	0	0.010986
ifgPS1_at_PS2=0_14Apr1349.dat	0	0.010986	0.000000	0.054932
