0.000000000000000000e+00 4.189999999999999858e+01 1.181806526749055841e+00 1.267000000000000028e+02 2.055075018906447060e+00 4.683333333333333570e+01 1.249444320932754149e+00 1.302333333333333201e+02 0.000000000000000000e+00
3.335352917087850422e-01 3.113333333333333286e+01 1.018713785995741805e+00 1.038666666666666600e+02 1.860704764927048505e+00 7.056666666666666288e+01 1.533695609376978686e+00 1.350000000000000000e+02 0.000000000000000000e+00
6.670766553130693666e-01 2.900000000000000000e+01 9.831920802501750156e-01 8.659999999999999432e+01 1.699019324983287671e+00 9.443333333333333712e+01 1.774197784289501811e+00 1.440333333333333314e+02 0.000000000000000000e+00
1.067323862880010132e+00 3.493333333333333002e+01 1.079094270415909884e+00 6.076666666666666572e+01 1.423220136013946258e+00 1.177000000000000028e+02 1.980740602232743841e+00 1.390999999999999943e+02 0.000000000000000000e+00
1.534276914409609338e+00 4.683333333333333570e+01 1.249444320932754149e+00 4.189999999999999858e+01 1.181806526749055841e+00 1.379666666666666686e+02 2.144502014195577733e+00 1.267000000000000028e+02 0.000000000000000000e+00
1.867818278013893885e+00 7.056666666666666288e+01 1.533695609376978686e+00 3.113333333333333286e+01 1.018713785995741805e+00 1.453000000000000114e+02 2.200757445365875142e+00 1.038666666666666600e+02 0.000000000000000000e+00
2.334771329543492868e+00 9.443333333333333712e+01 1.774197784289501811e+00 2.900000000000000000e+01 9.831920802501750156e-01 1.451333333333333258e+02 2.199494891509816252e+00 8.659999999999999432e+01 0.000000000000000000e+00
2.735018537110433634e+00 1.177000000000000028e+02 1.980740602232743841e+00 3.493333333333333002e+01 1.079094270415909884e+00 1.359333333333333371e+02 2.128640672145280188e+00 6.076666666666666572e+01 0.000000000000000000e+00
3.135265744677375288e+00 1.379666666666666686e+02 2.144502014195577733e+00 4.683333333333333570e+01 1.249444320932754149e+00 1.244000000000000057e+02 2.036336579906835365e+00 4.189999999999999858e+01 0.000000000000000000e+00
3.535512952244317386e+00 1.453000000000000114e+02 2.200757445365875142e+00 7.056666666666666288e+01 1.533695609376978686e+00 1.071666666666666714e+02 1.890032333644644735e+00 3.113333333333333286e+01 0.000000000000000000e+00
3.869054315848601711e+00 1.451333333333333258e+02 2.199494891509816252e+00 9.443333333333333712e+01 1.774197784289501811e+00 7.629999999999999716e+01 1.594783161854091524e+00 2.900000000000000000e+01 0.000000000000000000e+00
4.336007367378200250e+00 1.359333333333333371e+02 2.128640672145280188e+00 1.177000000000000028e+02 1.980740602232743841e+00 6.023333333333333428e+01 1.416960753788818694e+00 3.493333333333333002e+01 0.000000000000000000e+00
4.669548730982484130e+00 1.244000000000000057e+02 2.036336579906835365e+00 1.379666666666666686e+02 2.144502014195577733e+00 4.456666666666666998e+01 1.218833686585481413e+00 4.683333333333333570e+01 0.000000000000000000e+00
5.003084022691269617e+00 1.071666666666666714e+02 1.890032333644644735e+00 1.453000000000000114e+02 2.200757445365875142e+00 3.006666666666666643e+01 1.001110494512080562e+00 7.056666666666666288e+01 0.000000000000000000e+00
5.536748990079024324e+00 7.629999999999999716e+01 1.594783161854091524e+00 1.451333333333333258e+02 2.199494891509816252e+00 2.873333333333333428e+01 9.786612170602132510e-01 9.443333333333333712e+01 0.000000000000000000e+00
5.870290353683309093e+00 6.023333333333333428e+01 1.416960753788818694e+00 1.359333333333333371e+02 2.128640672145280188e+00 3.453333333333333144e+01 1.072898462628738780e+00 1.177000000000000028e+02 0.000000000000000000e+00
6.270537561250250747e+00 4.456666666666666998e+01 1.218833686585481413e+00 1.244000000000000057e+02 2.036336579906835365e+00 4.806666666666666998e+01 1.265789169736501574e+00 1.379666666666666686e+02 0.000000000000000000e+00
6.604072852959035345e+00 3.006666666666666643e+01 1.001110494512080562e+00 1.071666666666666714e+02 1.890032333644644735e+00 7.070000000000000284e+01 1.535143858622593838e+00 1.453000000000000114e+02 0.000000000000000000e+00
7.004320060525976110e+00 2.873333333333333428e+01 9.786612170602132510e-01 7.629999999999999716e+01 1.594783161854091524e+00 8.850000000000000000e+01 1.717556403731766768e+00 1.451333333333333258e+02 0.000000000000000000e+00
7.337861424130260879e+00 3.453333333333333144e+01 1.072898462628738780e+00 6.023333333333333428e+01 1.416960753788818694e+00 1.106333333333333400e+02 1.920358762777876871e+00 1.359333333333333371e+02 0.000000000000000000e+00
7.738108631697203421e+00 4.806666666666666998e+01 1.265789169736501574e+00 4.456666666666666998e+01 1.218833686585481413e+00 1.257333333333333343e+02 2.047220337704545035e+00 1.244000000000000057e+02 0.000000000000000000e+00
8.138355839264145075e+00 7.070000000000000284e+01 1.535143858622593838e+00 3.006666666666666643e+01 1.001110494512080562e+00 1.458000000000000114e+02 2.204540768504860360e+00 1.071666666666666714e+02 0.000000000000000000e+00
8.538603046831084953e+00 8.850000000000000000e+01 1.717556403731766768e+00 2.873333333333333428e+01 9.786612170602132510e-01 1.464000000000000057e+02 2.209072203437452142e+00 7.629999999999999716e+01 0.000000000000000000e+00
8.938850254398028383e+00 1.106333333333333400e+02 1.920358762777876871e+00 3.453333333333333144e+01 1.072898462628738780e+00 1.370000000000000000e+02 2.136976056643280497e+00 6.023333333333333428e+01 0.000000000000000000e+00
9.405803305927625146e+00 1.257333333333333343e+02 2.047220337704545035e+00 4.806666666666666998e+01 1.265789169736501574e+00 1.313000000000000114e+02 2.092048437935094096e+00 4.456666666666666998e+01 0.000000000000000000e+00
9.806050513494566800e+00 1.458000000000000114e+02 2.204540768504860360e+00 7.070000000000000284e+01 1.535143858622593838e+00 1.122000000000000028e+02 1.933907960581371599e+00 3.006666666666666643e+01 0.000000000000000000e+00
1.013959187709885157e+01 1.464000000000000057e+02 2.209072203437452142e+00 8.850000000000000000e+01 1.717556403731766768e+00 8.413333333333333997e+01 1.674647558277396087e+00 2.873333333333333428e+01 0.000000000000000000e+00
1.060654492862845011e+01 1.370000000000000000e+02 2.136976056643280497e+00 1.106333333333333400e+02 1.920358762777876871e+00 6.283333333333333570e+01 1.447219556406160734e+00 3.453333333333333144e+01 0.000000000000000000e+00
1.094008629223273488e+01 1.313000000000000114e+02 2.092048437935094096e+00 1.257333333333333343e+02 2.047220337704545035e+00 4.689999999999999858e+01 1.250333288900736806e+00 4.806666666666666998e+01 0.000000000000000000e+00
1.140703934376233342e+01 1.122000000000000028e+02 1.933907960581371599e+00 1.458000000000000114e+02 2.204540768504860360e+00 3.273333333333333428e+01 1.044562641066159925e+00 7.070000000000000284e+01 0.000000000000000000e+00
1.174057463547111801e+01 8.413333333333333997e+01 1.674647558277396087e+00 1.464000000000000057e+02 2.209072203437452142e+00 2.956666666666666643e+01 9.927515074556954033e-01 8.850000000000000000e+01 0.000000000000000000e+00
1.207411599907540278e+01 6.283333333333333570e+01 1.447219556406160734e+00 1.370000000000000000e+02 2.136976056643280497e+00 2.850000000000000000e+01 9.746794344808963340e-01 1.106333333333333400e+02 0.000000000000000000e+00
1.254106905060499955e+01 4.689999999999999858e+01 1.250333288900736806e+00 1.313000000000000114e+02 2.092048437935094096e+00 4.223333333333333428e+01 1.186498115370512307e+00 1.257333333333333343e+02 0.000000000000000000e+00
1.294131625817194120e+01 3.273333333333333428e+01 1.044562641066159925e+00 1.122000000000000028e+02 1.933907960581371599e+00 5.703333333333333144e+01 1.378807858663095631e+00 1.458000000000000114e+02 0.000000000000000000e+00
1.327485762177622597e+01 2.956666666666666643e+01 9.927515074556954033e-01 8.413333333333333997e+01 1.674647558277396087e+00 8.200000000000000000e+01 1.653279569018299311e+00 1.464000000000000057e+02 0.000000000000000000e+00
1.360839898538051074e+01 2.850000000000000000e+01 9.746794344808963340e-01 6.283333333333333570e+01 1.447219556406160734e+00 1.013666666666666600e+02 1.838175423861631685e+00 1.370000000000000000e+02 0.000000000000000000e+00
1.394193427708929711e+01 4.223333333333333428e+01 1.186498115370512307e+00 4.689999999999999858e+01 1.250333288900736806e+00 1.302333333333333201e+02 2.083533323734255038e+00 1.313000000000000114e+02 0.000000000000000000e+00
1.440889340051439405e+01 5.703333333333333144e+01 1.378807858663095631e+00 3.273333333333333428e+01 1.044562641066159925e+00 1.350000000000000000e+02 2.121320343559642829e+00 1.122000000000000028e+02 0.000000000000000000e+00
1.474242869222317864e+01 8.200000000000000000e+01 1.653279569018299311e+00 2.956666666666666643e+01 9.927515074556954033e-01 1.440333333333333314e+02 2.191143790605972530e+00 8.413333333333333997e+01 0.000000000000000000e+00
1.520938174375277896e+01 1.013666666666666600e+02 1.838175423861631685e+00 2.850000000000000000e+01 9.746794344808963340e-01 1.390999999999999943e+02 2.153292053267894968e+00 6.283333333333333570e+01 0.000000000000000000e+00
1.560963502321522078e+01 1.302333333333333201e+02 2.083533323734255038e+00 4.223333333333333428e+01 1.186498115370512307e+00 1.267000000000000028e+02 2.055075018906447060e+00 4.689999999999999858e+01 0.000000000000000000e+00
1.594317031492400361e+01 1.350000000000000000e+02 2.121320343559642829e+00 5.703333333333333144e+01 1.378807858663095631e+00 1.038666666666666600e+02 1.860704764927048505e+00 3.273333333333333428e+01 0.000000000000000000e+00
1.634341752249094526e+01 1.440333333333333314e+02 2.191143790605972530e+00 8.200000000000000000e+01 1.653279569018299311e+00 8.659999999999999432e+01 1.699019324983287671e+00 2.956666666666666643e+01 0.000000000000000000e+00
1.667695888609522825e+01 1.390999999999999943e+02 2.153292053267894968e+00 1.013666666666666600e+02 1.838175423861631685e+00 6.076666666666666572e+01 1.423220136013946258e+00 2.850000000000000000e+01 0.000000000000000000e+00
1.707720609366216991e+01 1.267000000000000028e+02 2.055075018906447060e+00 1.302333333333333201e+02 2.083533323734255038e+00 4.189999999999999858e+01 1.181806526749055841e+00 4.223333333333333428e+01 0.000000000000000000e+00
1.741074138537095450e+01 1.038666666666666600e+02 1.860704764927048505e+00 1.350000000000000000e+02 2.121320343559642829e+00 3.113333333333333286e+01 1.018713785995741805e+00 5.703333333333333144e+01 0.000000000000000000e+00
1.787770050879605321e+01 8.659999999999999432e+01 1.699019324983287671e+00 1.440333333333333314e+02 2.191143790605972530e+00 2.900000000000000000e+01 9.831920802501750156e-01 8.200000000000000000e+01 0.000000000000000000e+00
1.827794771636299487e+01 6.076666666666666572e+01 1.423220136013946258e+00 1.390999999999999943e+02 2.153292053267894968e+00 3.493333333333333002e+01 1.079094270415909884e+00 1.013666666666666600e+02 0.000000000000000000e+00
