-3.141592653589793116e+00 4.673333333333333428e+01 1.248109681789937087e+00
-2.807057406850500758e+00 6.229999999999999716e+01 1.441064421414485652e+00
-2.405617546758738623e+00 8.483333333333332860e+01 1.681599767417258473e+00
-2.004177686666976488e+00 1.032666666666666657e+02 1.855322673343432927e+00
-1.669648529916155866e+00 1.217999999999999972e+02 2.014944167960988519e+00
-1.268208669824393509e+00 1.352333333333333201e+02 2.123152791905890346e+00
-8.667688097326315955e-01 1.434333333333333371e+02 2.186575201339096441e+00
-4.653289496408694603e-01 1.365333333333333314e+02 2.133333333333333304e+00
3.021613791834187879e-03 1.313333333333333428e+02 2.092313976863362068e+00
3.375507705426552540e-01 9.640000000000000568e+01 1.792577287966500288e+00
6.720860172819471678e-01 8.059999999999999432e+01 1.639105447085899669e+00
1.140430490726179080e+00 5.833333333333333570e+01 1.394433377556792752e+00
1.541870350817940327e+00 4.439999999999999858e+01 1.216552506059643823e+00
1.943310210909703351e+00 3.889999999999999858e+01 1.138712723502581570e+00
2.277845457648996152e+00 3.216666666666666430e+01 1.035481637800604426e+00
2.679285317740757399e+00 4.000000000000000000e+01 1.154700538379251684e+00
3.080725177832520423e+00 5.206666666666666998e+01 1.317404856357967002e+00
3.549069651276751891e+00 7.176666666666666572e+01 1.546681034416024225e+00
3.950509511368513138e+00 8.990000000000000568e+01 1.731088289679838077e+00
4.418853984812745495e+00 1.070000000000000000e+02 1.888562063228705901e+00
4.686484618199568963e+00 1.261333333333333400e+02 2.050474199897293293e+00
5.154829091643801320e+00 1.338000000000000114e+02 2.111871208194287863e+00
5.556268951735562567e+00 1.319666666666666686e+02 2.097352828898582988e+00
5.957708811827323814e+00 1.387666666666666799e+02 2.150710476925138614e+00
6.359148671919086837e+00 1.250000000000000000e+02 2.041241452319315197e+00
6.760588532010848084e+00 1.096333333333333400e+02 1.911660127858622271e+00
7.095117688761670038e+00 8.896666666666666856e+01 1.722078847078598596e+00
7.496557548853431285e+00 7.243333333333333712e+01 1.553848269440888608e+00
7.831092795592724087e+00 5.023333333333333428e+01 1.294003262918778097e+00
8.299437269036955556e+00 3.723333333333333428e+01 1.114051664471226832e+00
8.567067902423778136e+00 3.256666666666666998e+01 1.041899973872518981e+00
8.901597059174600091e+00 3.389999999999999858e+01 1.063014581273465042e+00
9.369947622607304183e+00 4.053333333333333144e+01 1.162373051610846364e+00
9.771381392710592806e+00 6.073333333333333428e+01 1.422829731360869765e+00
1.010591663944988561e+01 8.046666666666666856e+01 1.637749132871766156e+00
1.050735649954164685e+01 9.413333333333333997e+01 1.771377367411523185e+00
1.090879635963341165e+01 1.172333333333333343e+02 1.976810000424364944e+00
1.131023621972517290e+01 1.301999999999999886e+02 2.083266665599965872e+00
1.164477146646446570e+01 1.408333333333333428e+02 2.166666666666666519e+00
1.197930062321528411e+01 1.329000000000000057e+02 2.104756517984919029e+00
1.231383586995457691e+01 1.245000000000000000e+02 2.037154878746336273e+00
1.271527573004633815e+01 1.075666666666666629e+02 1.893556324896504162e+00
1.318362020349056962e+01 8.446666666666666856e+01 1.677961726487095850e+00
1.358506006358233265e+01 6.800000000000000000e+01 1.505545305418162005e+00
1.398649992367409567e+01 4.866666666666666430e+01 1.273664878302853243e+00
1.438793978376585869e+01 3.963333333333333286e+01 1.149395976637777705e+00
1.478937964385761816e+01 3.410000000000000142e+01 1.066145706114631775e+00
1.519081950394938119e+01 3.803333333333333144e+01 1.125956383603635702e+00
