-1.570796326794896558e+00 5.186666666666666714e+01 1.314872194887734658e+00
-1.160109462086907683e+00 5.326666666666666572e+01 1.332499739420445639e+00
-7.494225973789188089e-01 5.293333333333333002e+01 1.328323923011418328e+00
-4.071876969681873515e-01 5.160000000000000142e+01 1.311487704860400116e+00
-6.494656628856620983e-02 4.979999999999999716e+01 1.288409872672512613e+00
3.457402984194239970e-01 4.906666666666666998e+01 1.278888406216725171e+00
8.248728971557808265e-01 4.686666666666666714e+01 1.249888883950178275e+00
1.235559761863771033e+00 3.676666666666666572e+01 1.107048127027707496e+00
1.646246626571759908e+00 3.939999999999999858e+01 1.146007562511405675e+00
1.920035792954122300e+00 3.956666666666666998e+01 1.148428878463481073e+00
2.330728887931002191e+00 3.570000000000000284e+01 1.090871211463571466e+00
2.809861486667359465e+00 3.726666666666666572e+01 1.114550233153365877e+00
3.288994085403717627e+00 4.153333333333333144e+01 1.176624172981519445e+00
3.631235216083338990e+00 4.550000000000000000e+01 1.231530213460744427e+00
4.041922080791327865e+00 4.639999999999999858e+01 1.243650540411842087e+00
4.315711247173690701e+00 4.716666666666666430e+01 1.253882858253601684e+00
4.726398111881680464e+00 5.026666666666666572e+01 1.294432522596506541e+00
5.273982674915296265e+00 4.786666666666666714e+01 1.263153021433094381e+00
5.547771841297659101e+00 4.833333333333333570e+01 1.269295517643984850e+00
6.026904440034016375e+00 5.106666666666666998e+01 1.304692386052061615e+00
6.437591304742005249e+00 4.956666666666666998e+01 1.285387965643922881e+00
6.916723903478363411e+00 5.010000000000000142e+01 1.292284798332008489e+00
7.327410768186352286e+00 4.839999999999999858e+01 1.270170592217176653e+00
7.806549597191599688e+00 4.970000000000000284e+01 1.287115638420521346e+00
8.148784497602331811e+00 4.653333333333333144e+01 1.245436112817960295e+00
8.559471362310320686e+00 4.063333333333333286e+01 1.163806016673072596e+00
8.970158227018311337e+00 4.163333333333333286e+01 1.178039803138152708e+00
9.380845091726300211e+00 3.736666666666666714e+01 1.116044602852213741e+00
9.859983920731547613e+00 4.173333333333333428e+01 1.179453734196942216e+00
1.020221882114227974e+01 4.823333333333333428e+01 1.267981773440682192e+00
1.074980338417589465e+01 5.000000000000000000e+01 1.290994448735805600e+00
1.102359255055825749e+01 5.393333333333333002e+01 1.340812357407917599e+00
1.150272514929461565e+01 5.863333333333333286e+01 1.398014465034051357e+00
1.191341201400260452e+01 5.776666666666666572e+01 1.387643886433243212e+00
1.232409887871059340e+01 5.389999999999999858e+01 1.340397950858873255e+00
1.266634000939021476e+01 5.363333333333333286e+01 1.337078074675438710e+00
1.294012917577257937e+01 5.043333333333333002e+01 1.296576689251781600e+00
1.328237030645220074e+01 4.650000000000000000e+01 1.244989959798873169e+00
1.369305717116018961e+01 4.173333333333333428e+01 1.179453734196942216e+00
1.403529830183980920e+01 3.950000000000000000e+01 1.147460965203900507e+00
1.451443090057616736e+01 4.153333333333333144e+01 1.176624172981519445e+00
1.492511776528415801e+01 4.600000000000000000e+01 1.238278374733780662e+00
1.533580462999214866e+01 4.176666666666666572e+01 1.179924668028523804e+00
1.567804576067177003e+01 4.000000000000000000e+01 1.154700538379251684e+00
1.608872639511086788e+01 3.893333333333333002e+01 1.139200499375670805e+00
1.649941325981885853e+01 4.153333333333333144e+01 1.176624172981519445e+00
1.691010012452684208e+01 4.853333333333333144e+01 1.271918935222594138e+00
1.725234125520646700e+01 4.766666666666666430e+01 1.260511360079269227e+00
