0.000000000000000000e+00 3.397625762462468946e-01 3.512011728768181865e-03 1.830019860476905791e-02 2.594370081001306279e-03
4.652207242356705130e-01 3.283094104051856310e-01 3.396870529836084045e-03 -5.916559179923640277e-02 2.862208300089570147e-03
7.310663232586178673e-01 3.070682909282912432e-01 3.421056439775239238e-03 -1.382416268287241790e-01 3.525035934068906571e-03
1.129828672423379921e+00 2.750027000184339654e-01 3.974997940236143362e-03 -2.320184397746200555e-01 4.887047810050094976e-03
1.528591021588142418e+00 2.112450056892017647e-01 5.078487343882416918e-03 -3.592997546637740069e-01 7.325740587303174699e-03
1.860888946312338366e+00 1.182759407984551592e-01 7.218305224536863442e-03 -4.864315160548888239e-01 1.108493124365625936e-02
2.193192920406192847e+00 -5.715687111823741784e-02 1.207880092791278198e-02 -6.280873536021974735e-01 1.789157241862823419e-02
2.591955269570955789e+00 -3.587076839731948574e-01 2.602337473226802242e-02 -6.455107019260702961e-01 2.795910157065785093e-02
2.990717618735718286e+00 -9.628540352780179390e-01 7.548626006814181111e-02 -4.300479466691397024e-01 3.892186534125552377e-02
3.256557168389007106e+00 -1.050189708013472556e+00 8.928583623874436492e-02 3.650131870287270930e-01 3.927296690478970093e-02
3.721783941994335709e+00 -5.482714702207526214e-01 4.148124717698054020e-02 7.396152118734441450e-01 3.789880435712607298e-02
4.054081866718531657e+00 -5.095083651369680666e-02 1.513435765991324490e-02 6.347697465595253385e-01 1.892630542943143229e-02
4.519308640323860260e+00 1.497257116022865375e-01 9.154150000792345143e-03 5.240635122268547663e-01 1.133699407598421673e-02
4.851606565048056652e+00 2.476678628035550167e-01 6.252540779782355881e-03 3.691807396554966370e-01 6.589426497991964296e-03
5.183910539141911578e+00 2.940515003580873032e-01 4.848835484926847933e-03 2.526273904976378271e-01 4.369736570423322225e-03
5.516214513235765615e+00 3.195884978192281012e-01 4.038001278298036789e-03 1.525859054496254974e-01 3.151503488344086900e-03
5.981435237471435684e+00 3.338389861846405848e-01 3.535372748847338906e-03 5.613040862262033692e-02 2.584086773464905167e-03
6.380197586636198182e+00 3.364371070972204669e-01 3.446568980026553080e-03 -2.309918869110321946e-02 2.696474737253581454e-03
6.778959935800959791e+00 3.290565786109099777e-01 3.536662232532477960e-03 -1.142023901168189026e-01 3.328904372253430055e-03
7.177722284965723176e+00 3.003723291236923276e-01 3.799482559154197629e-03 -2.020615657130945819e-01 4.392333900592460851e-03
7.510020209689918680e+00 2.604760669880131774e-01 4.849900012482574740e-03 -3.339834972900387888e-01 6.759696902924582258e-03
7.908782558854682065e+00 1.735749061192534692e-01 6.193670631883359950e-03 -4.386035474218428210e-01 9.500963485770941991e-03
8.307544908019442786e+00 1.687849122195594909e-02 1.032129175572953431e-02 -5.870146804294432696e-01 1.578663894947524363e-02
8.706307257184205284e+00 -2.420472646985748488e-01 1.953705688700799539e-02 -6.663712731011728341e-01 2.428353299450531494e-02
9.171534030789533887e+00 -7.647568371673312271e-01 5.519574490172650394e-02 -5.818143696813878885e-01 3.825937440794409394e-02
9.503831955513730279e+00 -1.162449989714904763e+00 1.015304601384700439e-01 3.851918340994524292e-02 3.454427611400551212e-02
9.969052679749401236e+00 -7.203213568586031013e-01 5.929025201197511002e-02 7.122368696563617929e-01 4.595973032135733383e-02
1.023489827877234859e+01 -2.040517346053699610e-01 2.245526441302847162e-02 7.024607035380713294e-01 2.674179434828890048e-02
1.076657737807892445e+01 1.011226693992949843e-01 1.168972649880569044e-02 6.054520906961871063e-01 1.563703154842352450e-02
1.109888135217278027e+01 2.193683957662675710e-01 7.158410780893651425e-03 4.206359192116823076e-01 8.049145468139439277e-03
1.143118532626663431e+01 2.875975882913397452e-01 5.383603904968812387e-03 2.996934236131764129e-01 5.180366115259914077e-03
1.169702487591992401e+01 3.147839828814881780e-01 4.370398406319111334e-03 1.812346167025214727e-01 3.582432853660474752e-03
1.216224560015559497e+01 3.336655756704248188e-01 3.766440738813964240e-03 8.839368164213178003e-02 2.806985140324198998e-03
1.256100794932035569e+01 3.390853428967436356e-01 3.470303823659742510e-03 -7.301058067393828392e-03 2.636518969514764499e-03
1.282685354834330305e+01 3.343532959187545672e-01 3.434291851064415462e-03 -9.664477437823591754e-02 3.088332286439884888e-03
1.322561589750806554e+01 3.224499529026814693e-01 3.957686426783658083e-03 -1.911776648356759145e-01 4.290810165259398984e-03
1.355791382223226016e+01 2.945296574308287063e-01 4.736593087863009283e-03 -3.201003005134086532e-01 6.349224671018534674e-03
1.402313454646792934e+01 2.101063078726865818e-01 6.281539407399215971e-03 -4.238243007596583789e-01 9.401155215863326794e-03
1.442190294500235126e+01 5.905325551738072054e-02 1.055009212647677747e-02 -5.569067844121396993e-01 1.595093636948919855e-02
1.482065924479745611e+01 -2.099578092175423683e-01 2.160720214004014858e-02 -5.354696564789794833e-01 2.398510683068503721e-02
1.515296321889131015e+01 -1.120981013561672013e+00 1.069761649349811744e-01 -3.300823794254815202e-01 4.495287767899625725e-02
1.561818394312698288e+01 -7.147189560333027103e-01 5.190949279392283178e-02 3.381942069866435419e-01 2.864672542126973226e-02
1.608341071673230971e+01 -2.977460652950199016e-01 2.242400409518496493e-02 5.418376855509419165e-01 2.107196711691100219e-02
1.661508981603888557e+01 2.674272557145140894e-03 1.113601125433630497e-02 4.851209116371710262e-01 1.245996648657872463e-02
1.694739379013274316e+01 1.521046871769902165e-01 7.111152745009207896e-03 4.192265073723570601e-01 7.953033446096295297e-03
1.734615613929750566e+01 2.314989180306794292e-01 5.492487685971244975e-03 3.082244173781558128e-01 5.414755074383206454e-03
1.774491848846226461e+01 2.866590192298046902e-01 4.479135929763531331e-03 2.120703566239649784e-01 3.858178300362162527e-03
1.814368083762702710e+01 3.151000432519601713e-01 3.897165830189911351e-03 1.124291615714733267e-01 2.973574466791812330e-03
