0.000000000000000000e+00 6.782222309581231734e-02 3.334764129710086900e-02 1.000161352284025362e+00 5.939280098440127831e-02
3.345352466019204662e-01 2.714761288761170510e-01 1.768453172667126122e-02 7.164098944159524862e-01 2.616349354545488559e-02
7.359751065288380190e-01 3.659362258871680096e-01 1.139936695354728212e-02 4.988222222761193869e-01 1.298486369998871556e-02
1.137414966455754683e+00 3.942762341562116579e-01 8.415937406492313838e-03 3.308137220766073083e-01 7.344849737932198502e-03
1.471944123069206078e+00 4.140466348055094614e-01 6.884618628822555125e-03 2.183886548182078502e-01 4.839600200421033394e-03
1.873383982996123409e+00 4.186071918737517827e-01 5.868580932601560191e-03 8.476411157016516817e-02 3.458778808225241967e-03
2.274823842923040296e+00 4.206663834990828632e-01 5.432526426284996039e-03 -5.376290986686604531e-03 3.265994365009498683e-03
2.676263702849957404e+00 4.210638848666105050e-01 5.524134945540675259e-03 -1.068636757636144130e-01 3.971571354426148281e-03
3.144614266090340227e+00 4.073805923851884780e-01 5.715727044609619258e-03 -1.931282855262916598e-01 5.138477309067312343e-03
3.479143422703791622e+00 4.203539748500901840e-01 8.078895549120604022e-03 -3.515317566407550887e-01 9.243482657057695492e-03
3.813678669305712088e+00 3.783469864700915175e-01 1.034053365014197048e-02 -5.279116088341023749e-01 1.512212862395644758e-02
4.282023142557625839e+00 3.027432232064928286e-01 1.813810283295049300e-02 -8.291726257054886640e-01 3.277825935332146640e-02
4.683463002484542059e+00 6.269900812627327014e-02 3.479964302131117321e-02 -1.189643232242965087e+00 7.143049277361041005e-02
5.084902862411460056e+00 -5.147937455030331400e-01 1.045349208186432954e-01 -8.374264434251557088e-01 1.056679653162964361e-01
5.419438109013380966e+00 -2.438954019871029111e+00 7.897855076066873092e-01 7.074605593999225839e-01 2.590339888303655469e-01
5.820877968940297187e+00 -3.847072832081757099e-01 8.094739536217478160e-02 1.209769463338732143e+00 1.196798961023504138e-01
6.222317828867215184e+00 4.599285653318507805e-02 2.729190619242883448e-02 8.755194799475315426e-01 4.399866229330314654e-02
6.690662302119127602e+00 3.178609302123895364e-01 1.416897881940854843e-02 5.755598975526994288e-01 1.808826229584629963e-02
7.092102162046044711e+00 3.706918854862917834e-01 1.017800824177531732e-02 4.238187235652803864e-01 1.050511649975210786e-02
7.560446635297958018e+00 4.150737856972189221e-01 8.154198224722516292e-03 3.136986742548422136e-01 6.758295600024746136e-03
7.828077268574882730e+00 4.188732399114435956e-01 6.667426055491330883e-03 1.889309787729783197e-01 4.461215975744723013e-03
8.296421741826796037e+00 4.227801847055460693e-01 6.010848867579490946e-03 8.778510460100277801e-02 3.587168696733705840e-03
8.697861601753713146e+00 4.357899228360965216e-01 5.943609676692429393e-03 -1.122324577032858192e-03 3.535817792398962111e-03
9.099301461680630254e+00 4.127935531012521531e-01 5.498967702695277404e-03 -8.475583301454445162e-02 3.864928859253379499e-03
9.500741321607547363e+00 4.025364310755407682e-01 5.968622444683769658e-03 -1.972251590800116472e-01 5.454250405884708552e-03
9.902181181534462695e+00 3.722061096487742082e-01 6.819782765589597721e-03 -3.075661424920759224e-01 7.877722157057166080e-03
1.023671033814791542e+01 3.368875262966106732e-01 8.775457237183727915e-03 -4.260051291846246313e-01 1.185724221509585653e-02
1.063815019807483253e+01 2.648941598595148106e-01 1.245420534969522014e-02 -6.255365244296945404e-01 2.035027373419978636e-02
1.097268544467675255e+01 6.930719315721756146e-02 2.659693940335049536e-02 -1.012368056724888721e+00 5.089359202753691164e-02
1.144102991792866675e+01 -5.230264405622904178e-01 1.060265779297533545e-01 -1.573107654492292395e+00 1.756180837284531115e-01
1.170866055120558968e+01 -1.620965477541136401e+00 5.059369182495249140e-01 -7.224314429285768613e-01 2.359578780366006212e-01
1.204318970781904419e+01 -1.293286280046367587e+00 3.233261254608505442e-01 1.396065777813173314e+00 2.888759511124731061e-01
1.251154027105942568e+01 -7.002615672024870008e-02 5.819276101400493173e-02 1.506402492018750205e+00 1.326652879909750726e-01
1.291297404099787194e+01 2.646377699927191518e-01 1.993621007947373250e-02 7.924811900874991766e-01 3.222485792628358714e-02
1.324750928759979374e+01 3.552043100242312512e-01 1.215928760477246427e-02 5.328595934818561863e-01 1.452063998864435920e-02
1.364894914752670907e+01 3.973752328405431022e-01 9.381767734522195729e-03 3.758873888477400893e-01 8.713943738105597511e-03
1.405038900745362973e+01 4.202456055886706343e-01 7.211553249383945673e-03 2.349305335307313447e-01 5.166102536486276951e-03
1.445182886738054506e+01 4.297766789733389881e-01 6.239786523921099851e-03 1.193538776660934136e-01 3.751798443494190356e-03
1.478636411398246686e+01 4.255165557075166749e-01 5.569321355980311541e-03 1.201101558268451858e-02 3.255687956799159163e-03
1.512089327059591604e+01 4.324497627106712039e-01 5.767428567800228500e-03 -6.899852439477534294e-02 3.730472836505544388e-03
1.545542851719783783e+01 4.349172231468235728e-01 6.232339176394857856e-03 -1.815927990649707502e-01 5.182968064854807759e-03
1.585686837712475317e+01 4.145763999164398528e-01 7.200560597425994906e-03 -2.947355622046373691e-01 7.688684334087435117e-03
1.632521285037666559e+01 3.867633456501491929e-01 9.694561044593257015e-03 -4.778393949394772466e-01 1.337719415999699679e-02
1.672665271030358625e+01 3.443139575609249214e-01 1.409701861201572218e-02 -6.413392718196194719e-01 2.210036636554909423e-02
1.712809257023050336e+01 1.566969146465380103e-01 2.710308451649990485e-02 -9.545693779902180154e-01 5.006473016212130422e-02
1.752953243015742046e+01 -2.897183920050294681e-01 7.415329395676530100e-02 -1.162373038988858687e+00 1.145053601606466909e-01
1.793097229008433402e+01 -1.546392934394931196e+00 3.865776200691805609e-01 -8.770850985086590945e-02 1.168577973642125623e-01
1.833241215001125113e+01 -5.086936327693707405e-01 1.141446965067920566e-01 1.179161644311056856e+00 1.487852217721429005e-01
