0.000000000000000000e+00 -1.520318389981678564e-03 3.343220768314048019e-02 -1.007489792027603581e+00 4.836107321242522766e-02
3.282570314203208106e-01 -6.427768701275398122e-01 9.379359290587971354e-02 -1.039979799206612432e+00 8.905226395574700193e-02
7.221630788455875027e-01 -9.020280355419769691e-01 1.327273561357324161e-01 2.054708673838176181e-01 3.913754249185737860e-02
1.050414134568110391e+00 -4.403049732129098448e-01 6.984181386307110329e-02 1.003834030165512647e+00 7.275999861786561218e-02
1.509975173696119777e+00 8.118797548115497253e-02 2.304727162447498326e-02 7.697260929367066851e-01 2.892841627248964390e-02
1.903881221121386247e+00 2.469824525367392276e-01 1.478397365996979643e-02 5.989818902979550108e-01 1.680387434443943173e-02
2.363436284551597488e+00 3.557550015120863884e-01 1.047666304754228325e-02 4.268292406758004143e-01 9.627412188961979866e-03
2.691693315971918299e+00 3.911645397974248262e-01 8.005477333903176368e-03 3.161668456452182974e-01 6.070298348230805316e-03
3.085599363397184991e+00 3.996214175252553735e-01 6.260525955194335378e-03 1.804687675135960845e-01 3.635927156813394470e-03
3.479505410822451239e+00 4.100510749795556187e-01 5.798723394069722585e-03 9.789784385826749702e-02 2.935760255075070373e-03
3.939060474252662480e+00 4.107429230437851797e-01 5.538747346978745330e-03 3.903231611101448586e-03 2.895648640470394834e-03
4.267311529975185813e+00 3.965966102030097362e-01 5.119102228043378826e-03 -8.973626587540516064e-02 3.303877936316787327e-03
4.726872569103194976e+00 3.752701020418163225e-01 5.431200033877557620e-03 -1.961764654025998644e-01 4.631579465966020361e-03
5.055123624825719197e+00 3.598911301811396068e-01 6.364088449732662953e-03 -2.860840296401780947e-01 6.299353230269754376e-03
5.317731640241094127e+00 3.264457088047277855e-01 8.536424388382705258e-03 -4.135834996412390274e-01 9.717679924138789699e-03
5.711637687666360819e+00 2.371660243430325776e-01 1.310924771054201160e-02 -6.588701318445798760e-01 1.839412491211325426e-02
6.171192751096572948e+00 -1.273918010021590774e-02 2.535954523258841797e-02 -9.006810061181987903e-01 3.512397756480437061e-02
6.565098798521838752e+00 -3.577865610390373874e-01 5.763348653017991846e-02 -9.081210028334545381e-01 5.937695748540647994e-02
6.959004845947104556e+00 -7.044636069846794690e-01 1.114614562815250676e-01 -7.007342581260295189e-02 3.482773500284133683e-02
7.352910893372371248e+00 -7.298065874839685385e-01 1.073873623521138243e-01 9.019004120363152133e-01 8.265484658580918298e-02
7.615512933089949144e+00 -4.064443438348774862e-02 3.362536408492815959e-02 9.072439634055181612e-01 4.393326152240664695e-02
8.009418980515215836e+00 2.145019167129799120e-01 1.576092114465467431e-02 6.067890772089619134e-01 1.810814318336675943e-02
8.468974043945426189e+00 3.221695424310265787e-01 1.053325122393340696e-02 4.457511718872610440e-01 1.009588368455311726e-02
8.862886067068490803e+00 3.843840537889687825e-01 8.783047602539825749e-03 3.436576441778188551e-01 6.951045192324866416e-03
9.191137122791014136e+00 3.976519600455355463e-01 6.692660532904894273e-03 2.043432715665107480e-01 4.035322664592921535e-03
9.585043170216280828e+00 4.039603439114514138e-01 5.804501692309098175e-03 9.789627435054620852e-02 2.975779002935251445e-03
1.004459823364649296e+01 4.046444620472203213e-01 5.305132790063557709e-03 -3.853407514025979324e-04 2.800234264225611846e-03
1.030720624906186877e+01 4.107483767615727199e-01 5.418677280561026016e-03 -7.388681416959301529e-02 3.266512343570608656e-03
1.070111229648713547e+01 4.012427733158677734e-01 5.811860693672021155e-03 -1.766306687863323510e-01 4.560214779626849124e-03
1.109501834391240038e+01 3.711297236497242413e-01 6.622098904636158391e-03 -2.913381724356767233e-01 6.538620827640011408e-03
1.155457340734261074e+01 3.321388949783977140e-01 8.855408767653486293e-03 -4.515743453969267018e-01 1.057611529968226216e-02
1.188283043876293377e+01 2.896894282553275080e-01 1.305194193654314778e-02 -6.076000418355559374e-01 1.679265615291406638e-02
1.227673648618820046e+01 9.575186067908414422e-02 2.122060291557199482e-02 -7.468708227247016218e-01 2.690999884314356286e-02
1.267064253361346715e+01 -3.161601398177220634e-01 5.374108048060704385e-02 -9.703503600541837359e-01 6.023590119348869176e-02
1.319584661304862117e+01 -9.791929266249446151e-01 1.457655804237651398e-01 -2.463267990994504886e-01 4.529759390357862570e-02
1.352410364446894242e+01 -4.554861604885505066e-01 7.807968947370290402e-02 8.372003278452595509e-01 6.781530446507397225e-02
1.391800969189420911e+01 1.260134801125678550e-02 3.292761522762170656e-02 8.950952718993023804e-01 4.398859229620828704e-02
1.431191573931947403e+01 2.286387103488611849e-01 1.945748045146472593e-02 7.723661984225413946e-01 2.641780227136180867e-02
1.470582178674474250e+01 3.441231311103600810e-01 1.208166399951762088e-02 5.184866357070551102e-01 1.264333592923089396e-02
1.503407284246726583e+01 3.772309284513565286e-01 8.431165816585567407e-03 3.341733352644473687e-01 6.634536905571175244e-03
1.536232987388758708e+01 3.870612325697871947e-01 6.543422369860647445e-03 2.024750490225993849e-01 3.909236980592913253e-03
1.582188493731779921e+01 3.985340728105917218e-01 5.601928586281370616e-03 1.069044991135068567e-01 2.811472439819186469e-03
1.621579098474306591e+01 4.053703960684115204e-01 5.232416855355028276e-03 2.886050156928524242e-03 2.654419749449421669e-03
1.660969703216833082e+01 4.029180912322773978e-01 5.202557635046437326e-03 -9.511265681202538125e-02 3.334133663885971346e-03
1.687230504758370842e+01 4.017438888374970651e-01 5.758843830887925772e-03 -2.022551934791694539e-01 4.720251227459919784e-03
1.726620511931117363e+01 3.981441684810976822e-01 6.926533098274268406e-03 -3.216623911470810060e-01 7.058815011604805192e-03
1.772576615843918546e+01 3.748439707741798577e-01 1.005565643763239696e-02 -5.021323852453440928e-01 1.236429096072525803e-02
1.818532122186939404e+01 2.740774795654052909e-01 1.592421699764501319e-02 -7.520755506601055629e-01 2.314625190436694555e-02
