0.000000000000000000e+00 8.576831820518679983e-01 2.943119160506219717e-02 -2.035120509344056500e-02 1.341360466874555284e-02
4.122010227775239066e-01 8.364813654132146059e-01 2.904571524246649800e-02 -5.590352942819679094e-02 1.345763267513075574e-02
8.244020455550495896e-01 9.015605779578343970e-01 3.435296224854900160e-02 -1.334694005881217338e-01 1.576048021362188786e-02
1.099200642993658938e+00 9.638258397574863690e-01 3.869793372216937671e-02 -1.238468600011470161e-01 1.580722874584255741e-02
1.580099751821032461e+00 1.164312710383555771e+00 6.357263280126147775e-02 -2.157457893063337018e-01 2.453100197799647914e-02
1.992300774598556368e+00 1.138526027444204614e+00 6.760340385366264693e-02 -2.146215474486470876e-01 2.571464764354932514e-02
2.404501797376080496e+00 1.204866475922673708e+00 8.615062956133934247e-02 -8.262217092600611379e-02 2.612868587191829323e-02
2.748004734103756785e+00 1.204085118994248749e+00 8.628363064978182562e-02 -3.171528527573893447e-02 2.467616919675313242e-02
3.228903842931130086e+00 1.215388397848197410e+00 9.109517619412513256e-02 1.738760936689244252e-01 2.985003948191533932e-02
3.641104865708653993e+00 1.174982863344480766e+00 8.272735650920770567e-02 2.549872398232979620e-01 3.277614604796157127e-02
4.053305888486179676e+00 9.329847260354654503e-01 4.585353731317397957e-02 1.988732267623442573e-01 2.115876947328299007e-02
4.396808825213855521e+00 9.031445548593466377e-01 4.069653192757160393e-02 1.612511652112091354e-01 1.915218618836333000e-02
4.877707934041229265e+00 8.570150400390060819e-01 3.206034299142243582e-02 1.241620391649161659e-01 1.521297900665288978e-02
5.289908956818752728e+00 7.723604099306911053e-01 2.538279761086927391e-02 9.242945986919291756e-02 1.290851453800228969e-02
5.702109979596277078e+00 8.025076844661491737e-01 2.637446203828989685e-02 2.210309180811164884e-02 1.295869487854516000e-02
6.045612916323953812e+00 8.341687165536029180e-01 2.857909138314683462e-02 -8.844281805435356275e-03 1.379442385509069280e-02
6.526512025151326668e+00 8.787827027165351357e-01 3.142796388632826399e-02 -8.097225908707977871e-02 1.485639752280939856e-02
6.870014961879002513e+00 9.001586077694778698e-01 3.339346194341534513e-02 -1.507895204512850473e-01 1.610388583203796117e-02
7.350914070706374481e+00 9.039896327821347333e-01 3.695706163957260260e-02 -1.908546869683453162e-01 1.824959829509478423e-02
7.625712668144985606e+00 9.564612425107987814e-01 4.326305719320888699e-02 -1.982619920793370072e-01 1.997889833415607969e-02
8.037913690922511734e+00 1.019934154692873074e+00 5.492896016562220929e-02 -1.977175042608278754e-01 2.342333484896490237e-02
8.518819052989101692e+00 1.061114891342566091e+00 6.772978683448062365e-02 -1.502563283388888837e-01 2.575682833995210363e-02
8.931020075766625155e+00 1.252881961938823396e+00 9.930245208654379929e-02 -5.742424737589684608e-02 2.869697349553145677e-02
9.274516759255083898e+00 1.349798685697477518e+00 1.149882232431339441e-01 -6.211384044662399129e-03 2.981026050193189350e-02
9.755415868082456754e+00 1.313084974216235157e+00 1.038841228073576900e-01 1.051024511229090019e-01 2.956337470814621865e-02
1.009891880481013260e+01 1.093761120064063785e+00 6.728901032576484198e-02 2.224227258469370638e-01 2.706052220182327689e-02
1.044242174153780844e+01 9.646937042144039243e-01 4.738884991057738111e-02 1.920610126916091065e-01 2.103094559662140386e-02
1.085462276431533546e+01 9.788559184903884436e-01 4.489751177878142929e-02 1.518343699978853545e-01 1.978910843836677660e-02
1.126682378709285892e+01 9.350553520399724761e-01 3.785514027137016485e-02 1.494574070781665431e-01 1.770705143867504563e-02
1.167902480987038238e+01 7.959868880609267672e-01 2.663496821484954979e-02 9.693832732239163197e-02 1.341714830511320580e-02
1.209122583264790762e+01 8.563538084521866711e-01 2.955967759802880304e-02 5.424032471419426571e-02 1.398229739902999251e-02
1.250342685542543286e+01 9.562407327268647173e-01 3.631677467797424924e-02 4.613065610287792745e-02 1.572908536643858463e-02
1.291562787820295810e+01 8.924894483158768432e-01 3.206719446181392069e-02 -6.735432421932383007e-02 1.434388039192883123e-02
1.325912456169141507e+01 8.261363848653192621e-01 2.930939114294430631e-02 -1.276977324199743968e-01 1.447675154215918858e-02
1.367132558446893853e+01 8.263915573872767650e-01 3.143275107827016995e-02 -1.027371985509618890e-01 1.471058701879024606e-02
1.408352660724646377e+01 8.509219748103116210e-01 3.425181158880130639e-02 -1.181794290046364049e-01 1.486954494230271692e-02
1.456443196931305373e+01 1.158525371246468705e+00 6.924908096286859494e-02 -2.229587269230082769e-01 2.634579342377187106e-02
1.490792865280151425e+01 1.061700607051094147e+00 6.870226129787578018e-02 -2.143025526996962804e-01 2.792943435674187166e-02
1.525143158952919009e+01 1.010760127928170604e+00 6.135151622051514264e-02 -1.550732599509722920e-01 2.337503373370896503e-02
1.566363261230671533e+01 1.374418956189666474e+00 1.115943099283949330e-01 -2.368060607688694807e-01 3.588927610247534539e-02
1.607583363508423702e+01 1.352602774229113569e+00 1.116800414675180597e-01 6.607431162132398894e-02 2.978566192790741210e-02
1.655673274391161343e+01 1.158500696716804779e+00 8.085290296446451253e-02 1.205175437576830877e-01 2.777446894918554274e-02
1.690023568063929105e+01 1.126382318741838029e+00 7.112191268793005561e-02 1.615001039126526816e-01 2.758802577026519751e-02
1.731243670341681451e+01 1.307194445953064887e+00 9.113261088614064975e-02 2.566207117939848792e-01 3.552890543633917958e-02
1.772463772619433797e+01 1.097294827449480703e+00 5.249131316543006326e-02 2.070598623132279825e-01 2.277464512433511126e-02
1.820553683502171083e+01 9.682790920236510335e-01 3.954946703701722049e-02 1.511388507389896385e-01 1.882290512719260456e-02
1.854903977174938490e+01 8.301483555687778626e-01 2.950134067486461648e-02 8.668395179214559432e-02 1.503750940140153279e-02
1.896123454128769126e+01 9.045085457941474116e-01 3.273600086874987880e-02 1.006928264675849005e-01 1.509984621135796595e-02
