0.000000000000000000e+00 9.549022540962722738e-01 3.785647880402720489e-02 -2.803413599348389754e-02 9.111436355757441402e-03
4.106868254844822097e-01 9.076573088795739652e-01 3.723449981464362762e-02 -4.583829440924212101e-02 9.696152337000654362e-03
8.213736509689639753e-01 9.903524715944760359e-01 4.389537644574909026e-02 -9.851564046985050727e-02 1.222002918981624463e-02
1.163608518693836302e+00 1.089303574861526291e+00 5.301628519194651057e-02 -1.611960134792167487e-01 1.521201490974593423e-02
1.505849616687003456e+00 1.172477218095953511e+00 6.125549046655102275e-02 -1.294282831262839051e-01 1.614601477363313692e-02
1.916536442171486776e+00 1.146976250268336495e+00 5.962399618073354474e-02 -8.046557377823010393e-02 1.524612868424826163e-02
2.395668995147283820e+00 1.102683450814391897e+00 5.729700173330756763e-02 -7.608641074052575892e-02 1.531075704855700860e-02
2.806355820631767362e+00 1.668193013403751923e+00 1.223515298126749834e-01 -8.300728975459074899e-03 2.315675840838725408e-02
3.217042646116249127e+00 1.253611731316702116e+00 6.942130488173277325e-02 7.694932748145778822e-02 1.695266520683519351e-02
3.490831786349805288e+00 1.092528654010388456e+00 5.170217645067774759e-02 9.175205213869584708e-02 1.424985170062381679e-02
3.901524842102583435e+00 1.219124451309226309e+00 6.084369542512611806e-02 9.024602099112527531e-02 1.540105775642399040e-02
4.380657395078380922e+00 1.124911779797386657e+00 5.020648929632486740e-02 1.383414810528223737e-01 1.294430748473257391e-02
4.859789948054179298e+00 1.009466535868167147e+00 4.042393377566491641e-02 7.492815819620189666e-02 1.037506094941435114e-02
5.202031046047346230e+00 9.454250222759343902e-01 3.606857443464058649e-02 -2.051419496395829462e-03 9.103661339028255861e-03
5.612717871531828884e+00 9.778299730542705515e-01 3.885884069372411848e-02 6.181164772536636501e-03 9.021982604993282473e-03
5.886507011765385045e+00 1.120103488075973930e+00 4.784576660779530505e-02 -4.070773459503481025e-03 1.005786608750636017e-02
6.297193837249868587e+00 1.051347132626635039e+00 4.515900340275791347e-02 -5.024681453214747961e-02 1.062322218766835989e-02
6.844778347985276845e+00 1.180616061324710309e+00 5.971970414557310064e-02 -6.854560109355324615e-02 1.368813002039991414e-02
7.118567488218833006e+00 1.264175291878727458e+00 6.764613663811826216e-02 -3.866630974528940251e-02 1.429450334756453278e-02
7.597700041194631382e+00 1.146236757273043416e+00 5.785231607613408600e-02 2.489925772039945293e-02 1.311810490707748626e-02
8.008386866679112259e+00 1.130751462706458987e+00 5.847819531845923485e-02 2.039877214597749996e-02 1.399880391070418284e-02
8.487519419654910635e+00 1.036445462110788140e+00 4.998851013980296770e-02 3.205524162960716322e-02 1.267260387415703078e-02
8.898206245139393289e+00 9.986630798294158229e-01 4.490205597094867884e-02 6.378996138813368411e-02 1.220463763090359234e-02
9.377345028383485825e+00 9.384523318683416493e-01 3.822494906795462916e-02 6.243157663838988167e-03 1.083930999673563510e-02
9.719579896108358597e+00 9.296550577463263965e-01 3.716900810926355297e-02 4.533397922669073904e-02 1.078536650743644985e-02
1.013026672159284125e+01 1.070256001051234973e+00 4.564196811447865376e-02 8.242925541517905075e-02 1.267553794576894988e-02
1.054095354707732390e+01 1.017143124779291696e+00 4.072018486291879152e-02 5.609574270898332049e-02 1.123591236737178471e-02
1.095164037256180656e+01 1.123597458404557825e+00 4.982339948329302798e-02 4.810486946129617636e-02 1.316720658300031370e-02
1.143077915580589909e+01 1.011966962630800770e+00 4.112044855392660986e-02 5.152188469348233102e-02 1.106183309424888482e-02
1.177301402353077187e+01 8.803126766524597135e-01 3.258248818486205595e-02 4.601189894825376270e-02 8.753782567165822870e-03
1.232059853426618012e+01 8.786497907108935523e-01 3.331747788014988165e-02 -1.141052994959014175e-02 8.852091336191386661e-03
1.259438767449973717e+01 8.271685512286299780e-01 3.104083036647887692e-02 1.298621126250543330e-02 8.017459540677248850e-03
1.307352022747553377e+01 8.054889319919571466e-01 2.989918803623899113e-02 -3.301508740198969005e-02 8.253400499863467604e-03
1.348420705296001643e+01 8.898171960667107250e-01 3.534189909321049788e-02 -9.363335004328234012e-02 1.043632295403954836e-02
1.389489387844449908e+01 9.971993643546943620e-01 4.553927283379479579e-02 -1.279168527083181239e-01 1.336425897187179003e-02
1.423713497643766601e+01 1.057015809477932278e+00 4.914812651392687359e-02 -1.444488938672239819e-01 1.455091905063986106e-02
1.451092411667122484e+01 1.106824464047610812e+00 5.584070813698507191e-02 -1.509263822568817359e-01 1.675781731905826022e-02
1.485316521466439177e+01 1.137572964505721984e+00 6.171571204756156476e-02 -4.322587306668650847e-02 1.624965130540208594e-02
1.526385204014887265e+01 1.250139283108113286e+00 7.208324118326193963e-02 -9.874408864560147315e-04 1.734534959563562712e-02
1.560609313814203958e+01 1.220605968707106026e+00 6.848425523958746874e-02 3.405728325417269314e-03 1.713763160165646462e-02
1.608522569111783795e+01 1.106360071252688870e+00 5.742410781200212727e-02 2.830671208691743629e-02 1.499466091415238220e-02
1.649591251660232061e+01 9.183565653322243172e-01 3.815892833652006350e-02 5.968732363063398300e-02 1.099651992833769985e-02
1.690659934208680326e+01 1.013228618666141667e+00 4.296725879455687985e-02 1.313725752939069180e-01 1.221573681197136128e-02
1.724884044007997019e+01 1.032167030153016585e+00 4.368160536542881750e-02 1.000131484080136607e-01 1.151612386227803334e-02
1.765952103529615869e+01 1.072140356374385206e+00 4.561378604182731583e-02 9.280932475993380892e-02 1.185664427213899835e-02
1.807020786078063779e+01 1.029306332788122447e+00 4.163022904270467783e-02 1.657860923546414580e-02 1.086469062290081750e-02
1.848089468626512044e+01 9.281701300886056050e-01 3.408065216872028375e-02 6.451697549148121234e-03 8.769652208934391666e-03
1.882313578425828737e+01 1.002869804759357830e+00 4.006758290102198361e-02 -1.576242438609680788e-02 9.565932345763809158e-03
