0.000000000000000000e+00 -9.502805183737204064e-01 6.440930430070310186e-02 -7.086818566404590181e-01 3.617355245117392232e-02
3.845239999947112075e-01 -2.587297576605469995e+00 3.087493020162110358e-01 -1.292009609353857558e+00 1.403622476120704732e-01
8.459499999883641763e-01 1.479565084919966544e+01 7.118586096276676933e+00 3.910681173893711726e+00 1.916492882232244011e+00
1.384277999980959573e+00 6.646447015409549408e+00 1.191063171287144451e+00 3.502931967742326513e-01 8.134249404774572534e-02
1.768801999975670558e+00 5.739418989015041106e+00 8.481844179726273358e-01 -6.903499529757952669e-01 1.132638709947086514e-01
2.307129999968266620e+00 -1.538773941747131069e+01 6.520892665418013046e+00 4.091484267982607115e+00 1.708600086088940317e+00
2.691653999962977828e+00 -2.139146865785163776e+00 1.600525117099242112e-01 1.015594830791285208e+00 6.804800364974314397e-02
3.153079999956630797e+00 -8.291724940440723390e-01 3.912450050200181467e-02 5.662117520225715683e-01 1.948737328678031358e-02
3.691407999949227303e+00 -4.487785564713308029e-01 2.268308770016908352e-02 3.659590694230818175e-01 1.086871072686947104e-02
4.075931999943938067e+00 -2.774657403992958904e-01 1.685158769491389846e-02 2.027303422008273903e-01 6.552232443547171929e-03
4.614259999936533241e+00 -1.402070350146888966e-01 1.294254163461021866e-02 3.187082213249936569e-02 4.164882450594835708e-03
4.998783999931244892e+00 -9.534709060739599007e-02 1.134696031149421726e-02 -9.203267064485207150e-02 3.978143786734949713e-03
5.460202999924898215e+00 -1.515999237849809667e-01 1.415727791935661624e-02 -1.981851192063240341e-01 6.027032921911984129e-03
5.844726999919608978e+00 -3.173251204037408346e-01 2.064486323017950334e-02 -3.279049342915439924e-01 1.018569835779867261e-02
6.306152999913263280e+00 -9.603945782781019291e-01 6.733739829389830123e-02 -7.140710562631602532e-01 3.791411340863340418e-02
6.767578999906916692e+00 -4.083447159043756436e+00 6.773060112112113673e-01 -2.165550530006908669e+00 3.373920216552031559e-01
7.229004999900569217e+00 2.782776185029570826e+01 2.504008351048723569e+01 9.652132205806058352e+00 8.764715995747076605e+00
7.536619999896339017e+00 5.958483646387504606e+00 9.725886126828879874e-01 6.816346879512179546e-01 1.230550588564812697e-01
8.151856999887877819e+00 7.188679309499677927e+00 1.311422845336329024e+00 -7.266388356189349418e-01 1.462591693327844888e-01
8.536380999882588583e+00 -2.427333087897669728e+01 1.507619121433776854e+01 6.749700215245348467e+00 4.151731715225897901e+00
8.997806999876241107e+00 -5.273537726608646281e+00 8.510220037307740792e-01 2.285392043041598154e+00 3.524449272579738834e-01
9.459232999869895409e+00 -1.095944323125871644e+00 5.802169811067269672e-02 6.486504204122733874e-01 2.733399264503619253e-02
9.920658999863547933e+00 -5.062093727325077674e-01 2.534198868467056262e-02 3.725471110442962197e-01 1.159222911060934537e-02
1.045898699985614400e+01 -2.493090468718381081e-01 1.591595533420544356e-02 2.137706143604935494e-01 6.439560479240448096e-03
1.076660199985191291e+01 -1.359156579419278088e-01 1.239146062365965167e-02 1.121674082327905053e-01 4.658090122419898151e-03
1.130492999984450897e+01 -1.186242247804241423e-01 1.254133079076112482e-02 -3.859091916781572096e-02 4.199767184600170303e-03
1.161255199984027797e+01 -1.763002344012189748e-01 1.519016537097956504e-02 -1.568987345478967399e-01 5.754333732762999080e-03
1.207397799983393050e+01 -2.819295588538273667e-01 1.889243880764160388e-02 -2.899009387551207961e-01 8.810495186247855465e-03
1.245849499982864295e+01 -4.977112173077983814e-01 3.071885394476601278e-02 -4.832941000744589988e-01 1.735463576690834606e-02
1.299682999982123910e+01 -1.595644958067631958e+00 1.313416695918394883e-01 -9.126390126760290933e-01 6.409404556015640964e-02
1.338134699981594800e+01 -5.317932021799766318e+00 9.943075519939330587e-01 -1.633586317844462732e+00 2.937277114287857316e-01
1.384277299980960407e+01 2.537768009200274832e+01 1.828481029766298249e+01 2.440187675756827268e+00 1.784732420650849027e+00
1.430419899980325837e+01 7.958552019456055504e+00 1.603304611625081755e+00 -3.912238780440165375e-01 9.787515852460541843e-02
1.476562499979691090e+01 -8.066842523677705401e+01 1.722140052989511787e+02 2.072672977135398042e+01 4.411400821348001244e+01
1.522705099979056342e+01 -2.552191702088640213e+00 2.133474116499435025e-01 1.043302027511447516e+00 7.999028242770162000e-02
1.568847699978421595e+01 -8.745619265067418047e-01 3.974054054144068870e-02 5.015944299010758334e-01 1.740622023574718222e-02
1.599609199977998486e+01 -5.192396161812402600e-01 2.334404902373154664e-02 1.205455251526885430e-01 6.838693493705284843e-03
1.653442699977258101e+01 -2.464062777729660314e-01 1.432017995448335926e-02 1.006830509674426222e-01 4.875649897236281928e-03
1.699585299976623176e+01 -1.645941132764605352e-01 1.259380184503173725e-02 8.869696717051747670e-02 4.263365796371676800e-03
1.738036999976094776e+01 -1.322872712753646873e-01 1.231186806698800207e-02 8.315180203274108450e-02 4.113864685936726752e-03
1.791870499975354036e+01 -1.232424960554816984e+00 1.053326022326411815e-01 2.660216757685529010e-01 2.357122910454768211e-02
1.838013099974719466e+01 -7.850577279785445617e-01 5.466232261379486146e-02 1.147315211000635464e-03 1.061697776651585913e-02
1.884155699974084897e+01 -5.277500370932948215e-01 3.073672418706302478e-02 -7.797306363842236576e-02 7.634243527479284835e-03
1.937988499973344503e+01 -3.619542078961294207e-01 1.782894944861133230e-02 -1.070815105065452133e-01 5.479168767459900724e-03
1.976440199972815748e+01 -3.394636689639985994e-01 1.551324259630268779e-02 3.347903267726422272e-02 4.294129579297999155e-03
2.030273699972075008e+01 -4.222921692971365326e-01 1.753949740924171455e-02 -5.633303167257933119e-02 4.785971250264095013e-03
2.068725399971546253e+01 -5.284959967267255365e-01 2.168652427523895532e-02 -1.847265710995471821e-01 6.853729359747972975e-03
2.107177799971017151e+01 -7.488336814246494555e-01 3.302754163289852579e-02 -3.664086810847396181e-01 1.253847019510828491e-02
