0.000000000000000000e+00 9.708631177205638840e-01 4.494600986381667301e-02 6.023737049159044038e-02 1.813956454810168942e-02
3.674988618904624360e-01 9.119630138782246487e-01 4.062919180998302016e-02 -1.267613817463131287e-02 1.757863448968730383e-02
8.084948201314778871e-01 8.937397505427350231e-01 4.035334246251719853e-02 -5.041436432774901860e-02 1.801471633518177129e-02
1.322987874723048130e+00 9.624050697820152322e-01 4.573541694607208274e-02 -8.525885499073579399e-02 1.925857796622032145e-02
1.690486736613510566e+00 9.431019399212906551e-01 4.389961875011661602e-02 -6.241989054717758667e-02 1.823929702706865094e-02
2.204979791205081252e+00 1.062112953133911963e+00 5.811842062243519069e-02 -8.756017218271699987e-02 2.291406978213103227e-02
2.572478653095543688e+00 1.147395969928823423e+00 6.856178714047200806e-02 -9.569309395700847931e-02 2.612161844874453381e-02
3.013474611336559139e+00 1.269279071159079342e+00 8.367410256286859915e-02 -1.555729041583539807e-01 3.091177152148578272e-02
3.527967665928129826e+00 1.129185428741957598e+00 6.651995781658372187e-02 -8.605232547742716620e-02 2.543449641488091523e-02
3.895466527818592262e+00 1.107750555991084740e+00 6.577564567419583175e-02 -3.695723653480794367e-03 2.411659314813033653e-02
4.409959582410162504e+00 1.100451133076386645e+00 6.757709356973445880e-02 1.137573456366182123e-01 2.484887285255238387e-02
4.777458444300624940e+00 1.377976262320748990e+00 1.085264910886662021e-01 1.836935943410668570e-01 3.419542008901552133e-02
5.218447712472793931e+00 1.096204692037764827e+00 6.764798570940804001e-02 1.206549299156460947e-01 2.491240611116278883e-02
5.585946574363256367e+00 1.088972814647072518e+00 6.146543163223522344e-02 7.789980742523634760e-02 2.198579711930105998e-02
6.026942532604272706e+00 9.112287083464496451e-01 3.998937795891128327e-02 4.365847459924380308e-02 1.654999320238215513e-02
6.467938490845289934e+00 9.410167809961268448e-01 4.077270715160410952e-02 5.681508813922907936e-02 1.636508039253837393e-02
6.908934449086305385e+00 8.945846940867200336e-01 3.787520240463134596e-02 3.497338722854968773e-02 1.616214677320079382e-02
7.202929524557368346e+00 9.611127841287260276e-01 4.450896719031034732e-02 -1.336911757431530866e-02 1.780030715918722375e-02
7.790926365568338063e+00 1.005006670952236059e+00 4.941230672897431453e-02 -9.989268687555044601e-02 2.033833318604539794e-02
8.158425227458801388e+00 1.166523185342167146e+00 6.470335707717805862e-02 -1.107402471474715627e-01 2.299817598294270904e-02
8.599421185699815950e+00 1.022642296643343274e+00 5.154845467055445274e-02 -1.249098983890495063e-01 2.134269120200627326e-02
9.040417143940834066e+00 1.150985332003486183e+00 6.597705106692730581e-02 -7.966985604052032044e-02 2.436678279347441120e-02
9.481413102181850405e+00 1.142795265056358200e+00 7.013597269597815487e-02 -1.753972781879724330e-02 2.627402277064047609e-02
9.995906156773420648e+00 1.147384949330495729e+00 7.062023149338624017e-02 -9.505085607974479711e-03 2.570299551896382609e-02
1.028990123224448183e+01 1.207694101669100073e+00 8.181413866146412806e-02 -4.181414491150592036e-03 2.812918400324897206e-02
1.080439428683605207e+01 1.106780701811075573e+00 6.766656469033117960e-02 6.434926675965774168e-02 2.387235867409191747e-02
1.109839605237596061e+01 9.939485093560823659e-01 5.347006242390597158e-02 5.259115121741717025e-02 1.991233378024711773e-02
1.153939201061697695e+01 1.121075644575264985e+00 6.612883635784767844e-02 6.373174146745422264e-02 2.233420246630688985e-02
1.190688418243859381e+01 9.891517283146467054e-01 5.160728459202435642e-02 7.592060601804713482e-02 2.007801315165659919e-02
1.242138392709900963e+01 9.828423155285469504e-01 4.712646940766502396e-02 2.999847738941720590e-02 1.849985907603667046e-02
1.278887609892062471e+01 1.060407914019688924e+00 5.302972279721467064e-02 -3.803457403235170620e-02 2.027126816894120331e-02
1.322987205716164283e+01 1.047081053383599469e+00 5.155636338225159931e-02 -3.887178759460552940e-02 1.971096482793648422e-02
1.367086801540265917e+01 1.046575755224050885e+00 5.163497441567859586e-02 -6.032228572296904207e-02 1.972020385019456618e-02
1.411186397364367551e+01 1.063423765435174584e+00 5.595125762475713221e-02 -9.074221484988734265e-02 2.156338670216981571e-02
1.455285993188469007e+01 1.143772896327829747e+00 6.819325541626085341e-02 -7.210654757520730540e-02 2.471714038633776589e-02
1.499385589012570641e+01 1.318875678395588391e+00 8.734827235612593888e-02 -7.372101553518189965e-02 2.819723801363928709e-02
1.528785096559676759e+01 1.234602185761152215e+00 7.730892728581767459e-02 -7.111953887283639641e-02 2.738875912483969971e-02
1.580235071025718518e+01 1.266075714036307254e+00 8.273016429194793298e-02 -9.411465263132344841e-03 2.808838752322105267e-02
1.624334666849820152e+01 1.253132458730908949e+00 8.074071662261163296e-02 6.452361090047116499e-02 2.653800478951223729e-02
1.661083884031981839e+01 1.191649158273358156e+00 7.522677068456980198e-02 5.231447637198154837e-02 2.441100707310085716e-02
1.712533858498023420e+01 1.164285038885248813e+00 6.942131787676507348e-02 3.226512416192868493e-02 2.388510120343353624e-02
1.756633454322125232e+01 1.052698357009007379e+00 5.525781976068176032e-02 7.048127116692241845e-02 2.087117484544032814e-02
1.800733050146226688e+01 1.013140494216843823e+00 4.980069190753992625e-02 7.334294237621620527e-02 1.911443787626471505e-02
1.852182355605383890e+01 1.164180293033353797e+00 6.647788132209425660e-02 8.164677342695261797e-02 2.219478673554856410e-02
1.888931572787545221e+01 1.186952042249281858e+00 7.133355740998599537e-02 8.471168389021604961e-02 2.235313350233476132e-02
1.940381547253587158e+01 1.081343159520882224e+00 5.846602539628591166e-02 5.344150018193128543e-02 1.926100685861246997e-02
1.977130764435748489e+01 1.021582858018844631e+00 5.167246615006074878e-02 2.772493085258874446e-02 1.842978839881757869e-02
2.013880650624794910e+01 9.878085202787265651e-01 4.750587568667365840e-02 4.489615356236805604e-02 1.852894478604850265e-02
