0.000000000000000000e+00 3.289593926604775787e-01 3.367221046738840765e-03 -4.402863618777667042e-03 2.561333669752886236e-03
3.991526400325757784e-01 3.193004379368254431e-01 3.355295223197858959e-03 -8.849516023472391024e-02 3.023519724889059922e-03
7.983052800651502245e-01 2.984711889813816410e-01 3.566018562169752382e-03 -1.875133939067892275e-01 3.994825412519665588e-03
1.197457920097724893e+00 2.586116905275349653e-01 4.134254473403133935e-03 -2.777703654301284519e-01 5.401538572884165453e-03
1.596610560130300671e+00 1.841572401100887713e-01 5.575903990823668013e-03 -4.075316433367670022e-01 8.306403135323338002e-03
1.995763200162875339e+00 5.208792466301492841e-02 8.418025340832161960e-03 -5.084584867430781419e-01 1.235207951173951033e-02
2.328392418620191862e+00 -2.493088835550033577e-01 1.955761888175638896e-02 -6.929957798789054824e-01 2.467613258812488899e-02
2.661015581786996265e+00 -7.263535191257470824e-01 5.110978305968125190e-02 -6.060444176797004090e-01 3.755882604465546337e-02
3.060168221819570711e+00 -1.208499915024047855e+00 9.826953774245980600e-02 -1.536950662481631480e-02 3.316009462900658400e-02
3.459320861852145157e+00 -6.634825309382080816e-01 4.645600297707727644e-02 5.535001889717813262e-01 3.223768644224754565e-02
3.858473501884720935e+00 -2.226068678779009602e-01 2.011972319948451826e-02 6.707026402376791152e-01 2.262552554580849612e-02
4.257626141917295826e+00 5.881604851291627467e-02 9.660434368143329051e-03 5.234622479930943761e-01 1.161386625609181142e-02
4.656778781949871160e+00 1.914779624098523758e-01 6.796565680892161301e-03 4.103719787622930881e-01 7.607385595599634211e-03
4.989408000407188126e+00 2.580487518293200777e-01 5.037747766953934794e-03 2.852963638045649675e-01 4.806109185912659648e-03
5.455084062015020052e+00 3.067646698885768686e-01 4.138359194000259741e-03 1.763781684524933502e-01 3.340346757231520223e-03
5.854236702047595386e+00 3.230010356468338006e-01 3.539730744071178416e-03 8.347590181624875427e-02 2.607679337276286660e-03
6.253389342080170721e+00 3.318967773875627358e-01 3.391141708380680363e-03 8.654823243252875381e-04 2.564084000554137793e-03
6.652541982112745167e+00 3.208600830867996412e-01 3.306768142108158868e-03 -8.264534091242278779e-02 2.947262272238251879e-03
7.051694622145319613e+00 3.059180486011343625e-01 3.697922057717862362e-03 -1.841097522100826056e-01 4.038687667156135898e-03
7.450847262177895836e+00 2.556161089378269358e-01 4.119219128299882356e-03 -2.884020576979336448e-01 5.534308103810054238e-03
7.716947003769441871e+00 1.945973005439181891e-01 5.594619647190173309e-03 -4.047225781034247127e-01 8.337911953339556537e-03
8.182629120667789024e+00 6.266023345488563878e-02 8.254132080644292421e-03 -5.232689837295099178e-01 1.243692404691358784e-02
8.581781760700362582e+00 -2.047635163874481634e-01 1.782346712496089836e-02 -6.448921002127461222e-01 2.245899769795331805e-02
9.047457822308194508e+00 -7.748319420299403237e-01 5.192521056975417382e-02 -7.086681068038501730e-01 4.064721603787483512e-02
9.446610462340771619e+00 -1.105999327779038088e+00 8.685625289216243605e-02 -6.265979174412039665e-02 3.124000335733867137e-02
9.845763102373345177e+00 -8.024922587885428005e-01 5.769989137187537392e-02 5.639862964257851274e-01 3.646484792054612706e-02
1.024491574240592051e+01 -2.179791284197407641e-01 2.099173042297948141e-02 6.826797335490512042e-01 2.392891035188831478e-02
1.051101548399746655e+01 2.424914423361701488e-02 1.143999483645353685e-02 5.883888363901017549e-01 1.429846787906520478e-02
1.097669154560530025e+01 1.901597976838281245e-01 7.144432822809512404e-03 4.373617821419615859e-01 8.061154830092426282e-03
1.124279734248735707e+01 2.572119643580294546e-01 5.191140446608867413e-03 2.931366743195615299e-01 4.996512791140756034e-03
1.170847340409519077e+01 3.040895615563430354e-01 4.245809210054414529e-03 1.977811431295767586e-01 3.517052228495052852e-03
1.210762604412776611e+01 3.249676467108703060e-01 3.690760569749850992e-03 1.095133945279201659e-01 2.733923619522999823e-03
1.250677868416034144e+01 3.281828817089627037e-01 3.341627961148818746e-03 2.387050250462239773e-02 2.455626966211123079e-03
1.283940790261765841e+01 3.269015441790015797e-01 3.447644286990866110e-03 -6.369855832699874987e-02 2.923924997286229781e-03
1.330508396422549033e+01 3.058694217957211303e-01 3.494448314346780635e-03 -1.611143010152669419e-01 3.685436999642330552e-03
1.363770712739229651e+01 2.750987360051085906e-01 3.988906608907946162e-03 -2.599581908316691004e-01 5.068779800271130433e-03
1.410338924429064278e+01 2.101744463385329942e-01 4.940990044081620437e-03 -3.671787810792884188e-01 7.150128649826822079e-03
1.443601240745744541e+01 9.921163980556851891e-02 7.147054171585553832e-03 -4.343123899113425779e-01 1.011307939695118598e-02
1.483516504749002074e+01 -1.409478289523441452e-01 1.482858260768825376e-02 -5.874962687509127646e-01 1.899271616236927057e-02
1.516779426594733593e+01 -5.851784545108166258e-01 3.877363461362853120e-02 -5.770755457753156126e-01 3.136160507779875428e-02
1.563347032755517141e+01 -1.117899946809437051e+00 8.516177753560967567e-02 -1.167495644139746463e-01 3.137587493965879326e-02
1.596609954601248837e+01 -5.886965861778699072e-01 4.113207676255684064e-02 4.509989825069445901e-01 2.735618569145885706e-02
1.636525218604506193e+01 -2.124793454286668659e-01 1.859085794772246530e-02 5.947776568546278009e-01 1.960113261693110023e-02
1.669788140450237890e+01 3.591374240260053474e-02 9.916165512438273461e-03 4.977759427896915612e-01 1.139893021915490239e-02
1.703050456766918330e+01 1.638629895003003711e-01 6.581275258346813706e-03 3.903311439598867727e-01 7.126860646210470170e-03
1.742965720770175864e+01 2.387610009988386794e-01 4.918128588654000453e-03 2.714333972899115599e-01 4.658702018077541009e-03
1.789533932460010135e+01 2.929193318656708733e-01 4.053956938057348865e-03 1.742517457466848385e-01 3.310846409643003214e-03
1.829448590934216412e+01 3.195757051386590719e-01 3.662372340574779426e-03 8.841555118674342129e-02 2.697530990050296586e-03
