0.000000000000000000e+00 9.840077221878167357e-01 3.553936946520476481e-02 5.176715198320858136e-02 1.302796103319012362e-02
3.737217409012973945e-01 9.815605316823384774e-01 3.529863627603354453e-02 1.766483102312266414e-03 1.279199078869979432e-02
7.474434818025947891e-01 9.231662838385531478e-01 3.089485835553275328e-02 -6.191489891767092135e-02 1.185488563392490986e-02
1.121165222703893072e+00 9.148019794379359526e-01 3.133914734131388463e-02 -1.007741819462261018e-01 1.269007919461816528e-02
1.557172030590560974e+00 9.710124603157077594e-01 3.557357307157635318e-02 -9.647470787346645871e-02 1.366647625684970502e-02
1.868608704506488749e+00 9.924969312377962538e-01 3.889585266164384547e-02 -1.418668815808401262e-01 1.552252315743158674e-02
2.304615512393157317e+00 1.068976540053755198e+00 4.795212939910471761e-02 -1.967059926595635111e-01 1.982614558940094113e-02
2.678337253294455156e+00 1.222258350336941524e+00 6.675177750133151622e-02 -2.062765210041661024e-01 2.435861337527188419e-02
2.927488860225011535e+00 1.228571642713004897e+00 7.034061941273847540e-02 -1.655929271384132540e-01 2.283169815325026761e-02
3.363495668111679660e+00 1.471251142996637729e+00 1.040527396551859385e-01 -8.244269507710143274e-02 2.617464030746202708e-02
3.674932342027607657e+00 1.420508511123216300e+00 9.924920061259817627e-02 -1.277351056171299216e-02 2.534745288296560289e-02
3.986363346448997369e+00 1.372447741961565271e+00 8.720919544684942182e-02 1.121647612712072112e-01 2.517074143175242196e-02
4.297800020364924478e+00 1.444627818648955841e+00 8.801664555899135767e-02 1.668706714024199012e-01 2.716216386456007936e-02
4.733806828251593046e+00 1.164404248036569722e+00 5.362036615476840212e-02 2.152409368684527757e-01 2.103286691544912004e-02
4.982952765687612917e+00 1.192302666628086705e+00 5.195226687220583228e-02 2.197813017800454571e-01 2.036655802571038162e-02
5.418965243068817550e+00 1.073260985371431220e+00 4.129952766527322100e-02 1.705096419798224072e-01 1.637946801352476930e-02
5.854972050955486118e+00 9.709020604333181703e-01 3.497708322077051901e-02 1.241771307474059810e-01 1.405204865287750654e-02
6.166408724871413227e+00 9.142709173835951164e-01 3.060983425107277958e-02 5.839674649124527994e-02 1.173617179924000067e-02
6.540130465772711510e+00 8.986362946003827457e-01 2.966165953771803324e-02 4.019534486110685340e-02 1.107988960505408745e-02
6.913852206674008904e+00 8.996588982940391110e-01 2.980464020008670098e-02 -2.542840889122172446e-02 1.113756371521967825e-02
7.225283211095399949e+00 9.732042023061235891e-01 3.384653188114932626e-02 -7.796456245479543856e-02 1.262228005432888475e-02
7.599004951996697343e+00 9.616157412530705884e-01 3.458152426547635855e-02 -1.287800334949799896e-01 1.411828227847364454e-02
7.972726692897995626e+00 1.008438809776398548e+00 3.825375092932419008e-02 -1.510668310214936250e-01 1.520752761288540408e-02
8.346448433799293909e+00 1.118698171863871771e+00 5.100260582378116081e-02 -2.304798593011181673e-01 2.041835144704467683e-02
8.782460911180498542e+00 1.181532638176268302e+00 6.193014816123350308e-02 -1.728409570075336854e-01 2.160712157909908809e-02
9.218467719067167110e+00 1.205108648974656527e+00 7.022160865175644529e-02 -1.468839903097761412e-01 2.331091373450201731e-02
9.529898723488557266e+00 1.228740844206932525e+00 7.537896500011802281e-02 -6.019575233563823069e-02 2.255547074077279140e-02
9.841335397404485263e+00 1.590230420167673575e+00 1.271044122827572065e-01 3.987196693796890633e-04 3.029582517178197945e-02
1.027734220529115206e+01 1.353460433807412544e+00 8.522887070751133942e-02 9.554532953686159513e-02 2.432944146540182498e-02
1.065106394619244945e+01 1.278269972922129849e+00 6.979149034486005487e-02 1.485600107589531149e-01 2.322442132818507490e-02
1.096250062010837745e+01 1.090650218678781425e+00 4.820056513114238939e-02 1.597344494117705904e-01 1.880769821925727323e-02
1.146079816447495325e+01 1.156113884298435757e+00 4.929095702339592738e-02 2.235807466044173741e-01 1.991169422308380552e-02
1.177222916889634519e+01 1.046719121085714521e+00 3.973813298046301179e-02 1.104919107156657476e-01 1.574158938860041254e-02
1.208366584281227141e+01 9.799346961926971300e-01 3.527167742179131843e-02 1.151563508072576264e-01 1.409720421414796879e-02
1.233281178024829039e+01 9.144285677599492956e-01 3.131337992529138747e-02 7.268515237564190934e-02 1.249420554434494714e-02
1.276881858813495896e+01 9.343502406086782175e-01 3.136671823862031278e-02 3.626370563886313625e-02 1.136765103627517502e-02
1.308025526205088518e+01 1.021393967517465695e+00 3.841588284694511662e-02 -8.917072821249744097e-02 1.393427207129083190e-02
1.351626206993755375e+01 9.262709062162366447e-01 3.182825225278306663e-02 -1.039798760871794153e-01 1.246557071592298629e-02
1.382769874385347997e+01 8.783906439087793006e-01 2.961757657677674405e-02 -1.304963937397857765e-01 1.283297676179784991e-02
1.420142048475478092e+01 9.960993621031482004e-01 3.720271406724844770e-02 -1.198325740418201002e-01 1.471822286078077087e-02
1.457514222565607831e+01 1.443481920728784340e+00 9.606509969710827490e-02 -9.416021273761943089e-02 2.409255269763134824e-02
1.494886396655737570e+01 1.409680645503438079e+00 9.282880221387983244e-02 -8.807457857939025858e-02 2.494418557810108850e-02
1.532258570745867488e+01 1.398916154923727229e+00 8.994495690947545974e-02 -2.776121858994180791e-02 2.566504661688318381e-02
1.563402238137460287e+01 1.129674510886780059e+00 5.617687484197934206e-02 5.064665541116390030e-02 1.969886519150803109e-02
1.607002918926126966e+01 1.103109099904836743e+00 4.816139529664056895e-02 1.534993201871152346e-01 1.951744292837481742e-02
1.644375093016256884e+01 9.440735102034699677e-01 3.719042128386845780e-02 1.337678218141780950e-01 1.629020554258017728e-02
1.675518193458395544e+01 8.368213261525168090e-01 3.032348009064208053e-02 1.412703711967898124e-01 1.354350333222557011e-02
1.719119441196516362e+01 8.608443260836387001e-01 3.062806581779471682e-02 9.100548997818470875e-02 1.213654444318259910e-02
