0.000000000000000000e+00 1.095147997119556571e+00 6.199026227992149307e-02 -6.146946269595818940e-02 2.367275918326651463e-02
4.273295888731913905e-01 1.019089485870342981e+00 5.459286093323587052e-02 -6.084024471625026909e-02 2.310593222406329833e-02
7.834397405158699534e-01 9.716302579756307400e-01 4.945295124838558487e-02 -1.806173313557826732e-02 2.139483095450878808e-02
1.139543409413488639e+00 1.164042427966311077e+00 7.296763467908704004e-02 9.063516558219747096e-03 2.647136265481234846e-02
1.638098918262250958e+00 1.125244038904475552e+00 6.878907873757225677e-02 2.536441287207191406e-02 2.517835486925805444e-02
2.065428507135440572e+00 1.112947415665380024e+00 6.800156679600448395e-02 2.369871542925747546e-02 2.497509543548771804e-02
2.492758096008630631e+00 1.007789202142753471e+00 5.418744470081048037e-02 2.596237158643938461e-02 2.158526729099058059e-02
2.920081202136760812e+00 1.036899174205242247e+00 5.437279962182669374e-02 5.590040588337807925e-02 2.105924235713156276e-02
3.204971916548927879e+00 1.039249085181119359e+00 5.355367040333609829e-02 6.754056956053197669e-02 2.087730881019795801e-02
3.561075585446547009e+00 1.003251572837513761e+00 5.043475884169338480e-02 2.805230756521565061e-02 1.976156965031054813e-02
4.059631094295308884e+00 9.330982388961455154e-01 4.525740395905036850e-02 5.422301130612956245e-03 1.837565741063095642e-02
4.486960683168498498e+00 1.043290951103202024e+00 5.538513150151359171e-02 -1.077055530283217363e-02 1.949891331473715961e-02
4.914290272041689889e+00 9.649032878046327477e-01 4.861202247304947238e-02 -9.957095048327771480e-04 1.806875418881694756e-02
5.270393940939308131e+00 1.069801677810166884e+00 6.103824986023750204e-02 -4.913342607796159119e-03 2.099377954624302711e-02
5.697723529812498633e+00 1.007748002989660385e+00 5.474984654890981822e-02 -2.580678383163901787e-02 2.088570506768380741e-02
6.196279038661260508e+00 1.066073694063322641e+00 5.909258889811026122e-02 -3.354038537880640186e-02 2.238623972402970300e-02
6.481163270328367254e+00 1.021030587130420386e+00 5.279579862475307361e-02 -8.011905168191033044e-02 2.208159205805166475e-02
6.908492859201556868e+00 9.973913927059488982e-01 5.041869268025931522e-02 -4.156420878835342947e-02 2.119362805885071158e-02
7.335822448074748259e+00 9.783814809286847103e-01 5.031169149988824058e-02 -1.898449220186134920e-02 2.146636770570950828e-02
7.691932599717427266e+00 1.093453139984117639e+00 6.278212343892344838e-02 -2.276593886207569067e-03 2.358839427858500093e-02
8.119255705845557003e+00 1.164200028003006038e+00 7.502720075920051024e-02 -1.956977544424101656e-02 2.684517421811276339e-02
8.546585294718747505e+00 1.204917120513591788e+00 7.740889174809448270e-02 -5.340627582057699135e-02 2.660467662689186552e-02
8.902695446361425624e+00 1.063394789889158920e+00 5.883313825413961223e-02 -1.642400419614920004e-02 2.270831588418260882e-02
9.401244472465128510e+00 1.085067082511542935e+00 5.906127325675857714e-02 3.792678841527055570e-04 2.197112347856156056e-02
9.757354624107806629e+00 1.074372053630259671e+00 5.840796556267691814e-02 3.416223558002028787e-02 2.191964077286322546e-02
1.025590365021150951e+01 1.156504895106959863e+00 6.964757448860552091e-02 9.745805306529696510e-02 2.494562849530022192e-02
1.061201380185418763e+01 1.053138478343341289e+00 5.879686882042572255e-02 2.143222491465922308e-02 2.147500107540805531e-02
1.089689803352129438e+01 1.127192075472233546e+00 6.771015821904696752e-02 3.219329597208063498e-02 2.241225843538090581e-02
1.125300818516397250e+01 1.124833856617459826e+00 6.705875419767470813e-02 3.792750487540954424e-02 2.169577775975583059e-02
1.175155721126767538e+01 9.663961887136467421e-01 4.795645726747065074e-02 3.854794137818451372e-02 1.786697781629966938e-02
1.225011272011643726e+01 1.017217479644288103e+00 5.389672493931288444e-02 1.380436762432581468e-02 2.029825632473509361e-02
1.260621638901405639e+01 9.947248414707995368e-01 4.970326266667740578e-02 1.177389755186327921e-02 1.976629254949213363e-02
1.296232654065673451e+01 9.804081963848075842e-01 4.730882606026916987e-02 -9.676043131328989841e-03 1.962309171125959512e-02
1.338965612952992501e+01 1.042725302510666419e+00 5.261974295744043656e-02 -4.773419669332707588e-02 2.114715410268020943e-02
1.374575979842754236e+01 1.023540517951688766e+00 5.301011544121769781e-02 -2.208798302982711848e-02 2.113650116110395508e-02
1.410186995007022048e+01 1.081189258484630544e+00 6.013704518691558032e-02 -3.810461490922908284e-02 2.234640629105230647e-02
1.452919953894341099e+01 1.129893810320013348e+00 6.698490164257832336e-02 -2.558647828092025511e-02 2.399030947513550865e-02
1.502774856504711387e+01 1.026947863942189620e+00 5.709964663029706844e-02 3.202201299729288964e-02 2.290266012059142403e-02
1.545507815392030437e+01 1.068678636521389391e+00 5.876623702652651604e-02 3.546096198965049268e-02 2.272380414425601361e-02
1.588240774279349310e+01 1.081890234066820167e+00 6.007800330382562920e-02 4.577070890770108119e-02 2.317397851769438522e-02
1.630973733166668538e+01 1.012206728300742098e+00 5.336757045117720977e-02 4.771956532496875875e-02 2.113504005155689494e-02
1.666584748330936350e+01 9.200775034366664995e-01 4.289500212269874158e-02 3.305189802233637203e-02 1.798442593268478884e-02
1.702195115220698440e+01 9.215481680739618930e-01 4.331190035945250288e-02 2.927750666701277663e-02 1.787963187833690321e-02
1.752050666105574450e+01 9.467333806140807440e-01 4.597273035279151460e-02 1.165461277409840513e-02 1.819180773755871283e-02
1.787661032995336186e+01 9.865491446153251687e-01 5.106736205991496691e-02 -1.609398292660131624e-02 1.906659324095414873e-02
1.837516583880212551e+01 9.644449712581202316e-01 4.996703206979233314e-02 -4.247611070239123987e-02 1.894744516239801196e-02
1.873126950769974286e+01 9.869413383597668288e-01 5.180401327923572774e-02 -2.932004764158839538e-02 1.924511138385033224e-02
1.908737965934242098e+01 1.074503861332355870e+00 5.969755885324441042e-02 -8.115971465989219036e-02 2.200012474381480773e-02
