0.000000000000000000e+00 8.540918756204678441e-01 2.835651431710183371e-02 -1.320991811275933348e-01 8.922877852826440609e-03
3.378416184350876428e-01 9.284452758815071594e-01 3.501114222653385621e-02 -1.166064188661002088e-01 1.001389716944873706e-02
8.108297247093307902e-01 1.038381933112820565e+00 4.533671122156487931e-02 -1.628954706049288714e-01 1.341516260571321180e-02
1.148671343144418877e+00 9.985779280756610365e-01 4.352852157640088593e-02 -1.415803910828126178e-01 1.284007936408410738e-02
1.486519111870206578e+00 1.130034299677217247e+00 5.776917749525230239e-02 -8.590429419383084630e-02 1.459690197692669472e-02
1.959501067853749445e+00 1.045742697320164227e+00 4.867122321278697511e-02 1.571236082939054743e-02 1.209240202938206832e-02
2.297348836579537146e+00 1.057176428163492776e+00 4.986432300657350769e-02 1.108568750380034829e-01 1.335213393209153283e-02
2.635196605305325068e+00 1.038934423457047007e+00 4.663696595625383551e-02 1.044942141269074587e-01 1.314172541774333812e-02
3.040605317369291072e+00 9.429445774290303728e-01 3.663070394676689462e-02 1.473611502744998636e-01 1.137037472925388377e-02
3.446026330014656303e+00 9.052006019570525419e-01 3.176739080941533289e-02 9.864006831715481372e-02 9.614108388758830365e-03
3.851435042078621862e+00 8.757103755924537936e-01 2.796096162203493690e-02 1.065255587536522441e-01 8.512784073620728240e-03
4.256849904433286369e+00 8.611905108756942040e-01 2.701249850580478284e-02 8.255071353849746663e-02 7.912635322130283713e-03
4.729838010707529961e+00 8.654621473339869642e-01 2.602633300182105938e-02 4.686764089639642444e-02 7.293722001210771813e-03
5.067679629142618047e+00 8.682234064566106690e-01 2.685950986318605752e-02 -1.956413409616436852e-03 7.521502634166137360e-03
5.405527397868405970e+00 8.453695085796996134e-01 2.569555103852832686e-02 -6.822917147932576476e-02 7.414832538957914429e-03
5.810942260223071365e+00 8.797592205274931132e-01 2.815110813062157019e-02 -1.023416520038713390e-01 8.132485124682094571e-03
6.283924216206614233e+00 8.554899127434126838e-01 2.858286646665623640e-02 -9.340718763950223158e-02 8.219993678126430101e-03
6.554204891303524683e+00 8.992518134298154164e-01 3.296423732471393669e-02 -1.131136986741551886e-01 9.400889753985258723e-03
7.027186847287066662e+00 1.033935773824708360e+00 4.548750718440494611e-02 -1.480655139156443201e-01 1.300287345001791169e-02
7.365028465722155637e+00 1.163520523141722940e+00 5.802737962286277223e-02 -1.105671955330652795e-01 1.431922115599811376e-02
7.770449478367520868e+00 1.027109539081870970e+00 4.704695129206514642e-02 -6.462433173407237941e-02 1.227560398473073397e-02
8.175858190431487316e+00 1.125444756288261017e+00 5.507005438599601316e-02 8.976573469791854568e-03 1.310108976856684711e-02
8.581273052786151823e+00 1.061792262220248695e+00 4.960560144757338724e-02 8.924808534254788372e-02 1.280018977616322919e-02
8.919120821511938857e+00 9.927352991203317600e-01 4.157187519191413855e-02 1.350844664959685859e-01 1.194625300645049681e-02
9.324535683866603364e+00 9.267719821968203320e-01 3.558275653407089872e-02 1.100897623501150696e-01 1.084614410585859820e-02
9.662383452592392175e+00 8.855222205159813953e-01 3.074559132984763798e-02 1.348489706244828112e-01 9.800785472303704185e-03
1.013536540857593593e+01 9.162234925213996739e-01 3.011644543673090355e-02 1.112869155810820437e-01 9.121786186702712101e-03
1.047321317730172474e+01 9.010895918615053901e-01 2.809719506609211631e-02 8.667851484233193848e-02 8.264204730834763188e-03
1.081105479573681194e+01 8.493644395178056028e-01 2.584742772346630690e-02 1.260591306443151552e-02 7.392717736449085780e-03
1.128404290201105376e+01 8.294888005757627969e-01 2.443644443827517124e-02 -9.684339378295941589e-03 6.857566548469112844e-03
1.162188452044614273e+01 8.431404007910048293e-01 2.567873189799319347e-02 -4.428250357231409279e-02 7.015337696669075689e-03
1.209486647642968471e+01 8.168435960796689432e-01 2.529258581936849257e-02 -6.843181840279131956e-02 7.148989251375768850e-03
1.250028748907505260e+01 9.368526289649384831e-01 3.403995441847681991e-02 -1.156882228443738975e-01 9.621863277198028017e-03
1.297326944505859458e+01 9.106815482925147975e-01 3.414325257825077953e-02 -1.483336917958201495e-01 1.058691571978069568e-02
1.337868430741325909e+01 1.007346787350583917e+00 4.233082355127371077e-02 -1.497935988056291190e-01 1.234041422192069803e-02
1.371652592584834629e+01 1.034497039705623012e+00 4.630795664743025258e-02 -1.483949726309924666e-01 1.350063397361196682e-02
1.405437369457413332e+01 1.083170025146370730e+00 5.182328573453715004e-02 -3.053241924247539554e-02 1.221070052253222203e-02
1.439222146329992214e+01 1.122565539057578832e+00 5.662350918163065044e-02 7.386125045070596022e-03 1.369458666059681501e-02
1.486520341928346589e+01 1.101114150245696255e+00 5.262163558425318050e-02 8.766435472496973691e-02 1.358231613754823201e-02
1.520305118800925470e+01 1.040306678930354556e+00 4.609231988385600193e-02 1.167928771080182504e-01 1.323720909838449651e-02
1.567603314399279668e+01 9.887739357614574454e-01 3.819301107046618043e-02 1.497326933085033618e-01 1.169113326049030926e-02
1.608144800634746474e+01 9.096603425557372447e-01 3.211764826270391976e-02 1.327948430702749483e-01 9.940520703465743554e-03
1.641928962478255016e+01 8.847316026988593096e-01 2.877142402795541259e-02 1.252985579292099916e-01 8.825021624544741178e-03
1.689227773105679375e+01 8.659735088639128886e-01 2.706054519347058859e-02 1.023231251705412070e-01 7.905089311531844284e-03
1.729769259341145826e+01 8.208823376523585180e-01 2.413850847385045836e-02 4.662076053058215874e-02 6.898831846333829641e-03
1.763553421184654724e+01 8.591283334588033505e-01 2.582861843202876803e-02 -7.256707358144156086e-03 7.114723214555107068e-03
1.810852231812078728e+01 8.304229411314184572e-01 2.472830054335313499e-02 -5.810423514601891631e-02 6.966672439017471824e-03
1.858150427410433281e+01 8.337484756227636629e-01 2.567918615641237579e-02 -6.549869396254388854e-02 7.182999685435564885e-03
