0.000000000000000000e+00 3.453676495270847080e-01 3.672924554170038571e-03 3.066179270564629508e-02 2.559241006725563542e-03
4.666089442765453121e-01 3.343253276816482433e-01 3.524489600118882113e-03 -5.692428043279737504e-02 2.847610656432058868e-03
7.332478273668523450e-01 3.196056349684437969e-01 3.636764876584684409e-03 -1.470046303047319591e-01 3.617079999751044144e-03
1.066537330098243253e+00 2.950965093994043498e-01 4.130051146079392541e-03 -2.431653662399335114e-01 4.961906259983629545e-03
1.533152341795784412e+00 2.350682825646257801e-01 5.053832576322926304e-03 -3.454069881808904952e-01 6.994940410585430077e-03
1.933098531589254154e+00 1.298053230419781157e-01 6.915800913397999322e-03 -4.543989659891449762e-01 1.025447718121292977e-02
2.333050788803720188e+00 -5.456253595909121845e-02 1.291740106408789841e-02 -6.357794672272321090e-01 1.907308598548709128e-02
2.733003046018185778e+00 -3.877948494756431330e-01 2.846236187503966772e-02 -6.559195536757576050e-01 2.995314553692381143e-02
2.999641929108493699e+00 -8.871789174491724328e-01 7.163558585149072677e-02 -3.363838711441062834e-01 3.600633111320386548e-02
3.399594186322960176e+00 -8.854931236905272396e-01 7.186442567369295820e-02 3.305993321497310289e-01 3.486715432955517918e-02
3.799546443537426210e+00 -4.250202288031452724e-01 3.445663165279363310e-02 7.319808149533130193e-01 3.436545937824590086e-02
4.199498700751891356e+00 -1.809436704280664721e-02 1.429745325932825668e-02 6.219941164970470560e-01 1.751378526608133104e-02
4.532788203483281819e+00 1.674317251709084298e-01 8.156673353278614397e-03 4.632049237256746776e-01 9.181421800483023990e-03
4.866083773635669907e+00 2.474260149151435162e-01 6.137821508730207168e-03 3.505636112404570404e-01 6.147636266108014690e-03
5.332692717912213887e+00 3.074902420515475687e-01 4.910563604825116807e-03 2.427182172653642167e-01 4.220192361624969767e-03
5.732644975126680364e+00 3.276809624857184855e-01 4.065885373524188995e-03 1.392831049096223961e-01 3.038400581353292024e-03
6.132597232341145954e+00 3.399184626884020344e-01 3.609030569739189037e-03 4.092714243239225363e-02 2.524635359811676881e-03
6.465892802493533154e+00 3.407181291254946509e-01 3.517566431403583611e-03 -3.835058497119044063e-02 2.696992802708538146e-03
6.865845059707998743e+00 3.346970543776485174e-01 3.673933437598729708e-03 -1.301181052831292539e-01 3.419411461627430530e-03
7.265797316922465221e+00 3.062034494306735688e-01 4.052577213631286188e-03 -2.322691971886589879e-01 4.723622733135118823e-03
7.732406261199009201e+00 2.472642808114053070e-01 4.963942930089185190e-03 -3.437080123596591430e-01 6.871004189388237732e-03
8.065701831351395512e+00 1.684389102611114630e-01 6.817624662400687680e-03 -4.587630448770223524e-01 1.032242044105812287e-02
8.398991334082786864e+00 -2.326684767358866424e-03 1.222200741990875188e-02 -6.021210994413465079e-01 1.814744711106689931e-02
8.798943591297252453e+00 -4.010350478147656217e-01 3.176648778438360965e-02 -6.703660659142257616e-01 3.320769995622765286e-02
9.198895848511719819e+00 -8.850700170922982668e-01 6.973337540061311235e-02 -3.251048850112240318e-01 3.477711378578758616e-02
9.665504792788263799e+00 -8.319383785154643718e-01 6.456441134642169899e-02 4.011112189128603345e-01 3.487497359828575783e-02
1.013211980448580363e+01 -3.085032293860525687e-01 2.613654217657856993e-02 6.723350631701824343e-01 2.711243146462106665e-02
1.046540930721719498e+01 1.208579130699682924e-02 1.197528540229998717e-02 5.567741806779085145e-01 1.407990703446588936e-02
1.079870487736958218e+01 1.631635621816138193e-01 7.928817658326703377e-03 4.399492208784070435e-01 8.788646232737652719e-03
1.119865713458404777e+01 2.489374601658554953e-01 5.714008024020352135e-03 3.144341059865393140e-01 5.521197142778397002e-03
1.159860939179851513e+01 3.029357594204716841e-01 4.553841626900552615e-03 2.100975610554894069e-01 3.767533808188015202e-03
1.206521833607506089e+01 3.303625229209964376e-01 3.924823140340003534e-03 1.121838239472797566e-01 2.852281831598529535e-03
1.246517059328952470e+01 3.406302810765272082e-01 3.661883162183831360e-03 3.372777054529242646e-02 2.594512925780695367e-03
1.286512285050399029e+01 3.417231684287483917e-01 3.628227354429909828e-03 -5.365896225245921081e-02 2.859583389952953351e-03
1.326507510771845588e+01 3.270741522691928416e-01 3.750604461789729550e-03 -1.481432826054807361e-01 3.669869723704842230e-03
1.366502736493292147e+01 2.910572481833533787e-01 4.201119206892133320e-03 -2.497615342996235555e-01 5.091588771100274968e-03
1.399832293508530867e+01 2.421770801634718639e-01 5.079830627223069078e-03 -3.543281891147611051e-01 7.134024601752272238e-03
1.446493187936185443e+01 1.441514166416124065e-01 7.096431400267081899e-03 -4.434789694932798065e-01 1.041682923281020065e-02
1.479822744951424163e+01 -4.735610334675388611e-02 1.280462953614334466e-02 -5.646872908433433480e-01 1.766614572699204411e-02
1.526483639379078561e+01 -4.261348773337416684e-01 3.190166379124947937e-02 -6.317054437040044990e-01 3.142704505387326763e-02
1.559813196394317281e+01 -1.062699614945944893e+00 9.241477279640808451e-02 -2.945383763838314017e-01 4.008485749050451352e-02
1.599808422115764017e+01 -6.153788189386584229e-01 4.648452412441322207e-02 4.271414927615166390e-01 3.017483196860578851e-02
1.639803647837210576e+01 -2.313581560008750593e-01 2.226698300414579196e-02 6.104740808718176481e-01 2.328524584021260738e-02
1.673132598110349534e+01 2.618651116636305787e-02 1.243623503088486099e-02 5.889908543997127710e-01 1.510915431878777533e-02
1.713127823831796093e+01 1.754841414110340225e-01 7.620361373167131719e-03 4.346630415825464278e-01 8.363365799248073315e-03
1.753123049553242652e+01 2.537537362204015379e-01 5.466671461156054519e-03 2.995232572901602719e-01 5.179368019813127000e-03
1.793118275274689211e+01 3.022636575437369633e-01 4.557702675234311454e-03 2.088119567985244895e-01 3.785329178691626204e-03
1.833113500996135770e+01 3.285339899878723102e-01 3.895337225195028008e-03 1.194464427010180213e-01 2.846259924953859020e-03
