0.000000000000000000e+00 -2.683924991006805261e-01 5.736995733644682793e-02 1.257895273454640028e+00 8.924474132667423176e-02
4.630596799090915816e-01 1.759992967332761893e-01 1.869260192926134809e-02 7.070593439164755134e-01 2.523030011299743497e-02
7.938097127689345278e-01 3.147278152052385147e-01 1.313430566968843728e-02 5.875140875294049270e-01 1.595695203726727948e-02
1.124565766819597634e+00 3.563614354465252654e-01 8.443547284785151222e-03 3.708125916096421948e-01 8.025343498542340109e-03
1.521470623204066008e+00 3.876666496871599144e-01 7.026436933893363303e-03 2.741572119048091283e-01 5.578724545170585074e-03
1.984524281922338096e+00 4.064523937863679937e-01 6.119617516150096560e-03 1.415362372012793635e-01 3.808628996042519397e-03
2.315280335973000536e+00 4.035177486912594480e-01 5.364307676664916390e-03 5.335921087249943101e-02 3.028765683678665867e-03
2.579881566499040435e+00 4.061204810374918206e-01 5.285778817356899702e-03 -5.107541657173971655e-02 3.351878430810784158e-03
2.976786422883507921e+00 3.934126320551793454e-01 5.238419691410539300e-03 -1.253954736528219982e-01 3.997861155149358761e-03
3.439846102792599503e+00 3.730837220404691346e-01 6.099467593912086087e-03 -2.423482338942869185e-01 6.161053150371501377e-03
3.770596135652443781e+00 3.560012061484052470e-01 7.492493584115325796e-03 -3.801797743786449191e-01 9.579971360082510309e-03
4.233649794370717423e+00 2.655955914450228716e-01 1.021838413370494518e-02 -5.321255782804211742e-01 1.598088546823239753e-02
4.564405848421380085e+00 1.504146797186579620e-01 1.546703965155474259e-02 -6.931728134419453680e-01 2.650665102427071304e-02
4.895161902472042748e+00 -1.796652550588990760e-01 4.309670703946213294e-02 -9.780668886324366262e-01 6.738167828053030772e-02
5.358215561190314169e+00 -1.109990724796470207e+00 1.777621934181775332e-01 -7.860598131055307469e-01 1.165309734558416244e-01
5.755120417574783431e+00 -9.997479886004483340e-01 1.544656890924561710e-01 8.141391619159548121e-01 1.085069194928625913e-01
6.085876471625446094e+00 -2.804937447507094284e-01 4.584504737171485322e-02 9.516383978626316020e-01 5.832090795895619739e-02
6.548930130343717515e+00 1.366003427230908507e-01 2.021825165795599830e-02 7.914872474910571443e-01 2.888663797883181047e-02
6.879686184394381954e+00 2.784567771731184527e-01 1.253610348442848674e-02 5.724214902321630438e-01 1.533907092521539020e-02
7.276585019588029724e+00 3.386321987985474458e-01 8.244946809620939260e-03 3.557043016160596483e-01 7.835878587289466304e-03
7.607341073638692386e+00 3.589828204588386695e-01 6.376170366509652070e-03 2.275573689100123254e-01 4.940187441223892889e-03
8.004245930023161648e+00 3.872916157492304334e-01 5.559987693661598389e-03 1.291196645765428086e-01 3.480404061909058919e-03
8.467299588741434846e+00 3.963248662270854039e-01 5.160917906735933841e-03 4.040168161490843152e-02 2.987022352507225000e-03
8.864204445125901444e+00 4.018088209019187729e-01 5.303085994216165042e-03 -5.293426653328944798e-02 3.442539456290144226e-03
9.194960499176564994e+00 3.933897946181876271e-01 5.521762969037539819e-03 -1.614117176481956739e-01 4.637990911482895925e-03
9.658014157894836416e+00 3.812470631788131281e-01 6.272243811283296014e-03 -2.807311750624638114e-01 6.771427338801229261e-03
9.988770211945499966e+00 3.523156755176717336e-01 7.773285444279534606e-03 -4.165730851017778180e-01 1.056146137431895199e-02
1.045182387066377316e+01 2.596269888007831095e-01 1.003663271588407964e-02 -5.409482431455404638e-01 1.618027630553031671e-02
1.084872872704824154e+01 7.599513471197105741e-02 1.849212992790282006e-02 -7.928325979975985316e-01 3.335663493298999388e-02
1.131178840695733356e+01 -4.366434624606192472e-01 6.349199551914057327e-02 -1.250534812414706654e+00 9.717993140882780212e-02
1.164253843981717651e+01 -1.664404008124844569e+00 2.978640894680719131e-01 -1.127054640838664135e+00 1.892895257403144349e-01
1.203944329620164488e+01 -1.896281585112409296e+00 3.999717698701514279e-01 7.192976615007506958e-01 1.691159704005293640e-01
1.250249695491991808e+01 -3.541685160577989766e-01 6.534120917288054053e-02 1.335849207927983784e+00 1.000337534168797837e-01
1.283325300897057986e+01 1.327805737570959543e-01 2.494034174502992446e-02 9.392826751214612413e-01 3.862986016605086254e-02
1.323015786535504823e+01 2.999752840940771992e-01 1.409968566716278057e-02 6.322398876014033720e-01 1.771090110473288667e-02
1.362706272173951483e+01 3.532713364364040709e-01 9.688160234790759232e-03 4.114333480283078881e-01 9.661669732830788573e-03
1.402396757812398320e+01 3.786945009346586732e-01 6.798742583858759063e-03 2.480631042326715829e-01 5.243544557529602503e-03
1.442087243450844980e+01 4.032681704682111734e-01 6.033515774939221012e-03 1.482031783058583296e-01 3.705728324701429953e-03
1.481777729089291995e+01 4.050575831338407151e-01 5.371379493899561784e-03 4.671965804245719472e-02 2.957337121848781485e-03
1.514853334494358350e+01 4.172419705241334764e-01 5.598330302275675296e-03 -4.090291941651814228e-02 3.342850855270260938e-03
1.554543218013723127e+01 4.080254361974703370e-01 5.690064824634822119e-03 -1.578520384831716139e-01 4.550254835742087618e-03
1.594233703652169787e+01 4.017360652679116129e-01 6.537794049882455355e-03 -2.671612764209411184e-01 6.643142317893493964e-03
1.633924189290616624e+01 3.795306676347358632e-01 8.334148766191708593e-03 -4.209501344060551098e-01 1.099076368331884310e-02
1.666999794695682979e+01 3.248901344692807225e-01 1.138242245519431942e-02 -5.666819447923937547e-01 1.787827861697526000e-02
1.706690280334129639e+01 1.091773812568231916e-01 1.981688006266984700e-02 -8.376765947453722605e-01 3.728960260949329419e-02
1.739765885739195994e+01 -3.165996882872503804e-01 6.044883074440419307e-02 -1.109335041530914667e+00 9.205778552564550243e-02
1.786071251611023314e+01 -1.359773960999214548e+00 2.396740699727634427e-01 -7.659364447430551115e-01 1.349224751782223397e-01
1.832376617482850634e+01 -1.244091600243817375e+00 2.459233933145911211e-01 1.336982676051233110e+00 2.168163621688768972e-01
