0.000000000000000000e+00 -4.007802042010679688e-01 3.910220937908855804e-02 -7.497092116394176164e-01 4.249641090545348832e-02
3.343573253670526491e-01 -1.228086777630570836e+00 1.328720117725835370e-01 -3.528743955186913195e-01 5.571273889905042215e-02
8.024527114812993744e-01 -7.918601863888972137e-01 8.641104483940371950e-02 6.516803622853819533e-01 5.976892590801196475e-02
1.136810036848352912e+00 -2.109341714820560654e-01 3.169794422494602582e-02 7.926655749663185091e-01 4.002047865840912405e-02
1.604905422962599859e+00 9.928182517395345297e-02 1.509470726186428434e-02 6.636825916552503424e-01 2.094658985980513491e-02
1.939256661580119223e+00 2.479410155759395606e-01 9.685768413517080802e-03 5.082570152346583825e-01 1.173719933085505540e-02
2.340489104070302417e+00 3.169547250570151076e-01 6.925219821698387970e-03 3.479533861616503354e-01 6.645962470144423442e-03
2.674840342687821781e+00 3.501437695113739923e-01 5.675359537613802914e-03 2.409024830849922083e-01 4.556075137820577575e-03
3.009197668054874431e+00 3.605164806076942563e-01 4.697848047675966601e-03 1.310037322592073616e-01 3.216208474114857531e-03
3.477293054169121156e+00 3.704360443479730591e-01 4.307095602650322375e-03 4.703385605791392948e-02 2.819867773445097672e-03
3.811650379536174693e+00 3.670843931844155472e-01 4.173006056629037334e-03 -4.353680565202387720e-02 3.045802514634118538e-03
4.212876735276823936e+00 3.545514457745971293e-01 4.224501464447051428e-03 -1.296944288939905210e-01 3.797872273320010168e-03
4.614103091017474512e+00 3.341475258709870610e-01 4.829807784393056781e-03 -2.355228407531355928e-01 5.440705502941079082e-03
4.948454329634993876e+00 2.924223671860438634e-01 5.729941873592965876e-03 -3.538128592598218103e-01 7.845312672031951040e-03
5.416555802498774774e+00 2.068541371931997275e-01 7.873873444530379503e-03 -4.861094085611517013e-01 1.197084881914173456e-02
5.750907041116293250e+00 6.365327879163873437e-02 1.297664406384827288e-02 -6.739936273492951324e-01 2.060094645602473379e-02
6.219002427230540420e+00 -2.314637704652338090e-01 2.600458325606534379e-02 -7.248415509522496691e-01 3.256905370022401824e-02
6.486490722223996030e+00 -9.279640979869943074e-01 9.243456379110244481e-02 -7.041940646005905302e-01 6.402379373712993593e-02
6.954586108338242312e+00 -1.132454582739210736e+00 1.313755155294577537e-01 2.131488129128617515e-01 5.042231412066061624e-02
7.288943433705296293e+00 -6.084295920880722353e-01 6.842754739473387582e-02 9.789147907085995470e-01 7.216036811503585835e-02
7.690169789445945980e+00 -1.709528803776727557e-03 2.091247607386723800e-02 7.631861373891597466e-01 3.015448158612743859e-02
8.091396145186596556e+00 1.975782992629600554e-01 1.148762497693305885e-02 5.655709927597691866e-01 1.481301772340729885e-02
8.425747383804115032e+00 2.926901515420716748e-01 8.225637824866712314e-03 4.270634045584478233e-01 8.889476552526193523e-03
8.760104709171168125e+00 3.377542898153050865e-01 6.116894157261427295e-03 2.872600748845500207e-01 5.289585031055642726e-03
9.161331064911816924e+00 3.546487813175076553e-01 5.029814458784597625e-03 1.734906001423973665e-01 3.664351254373906640e-03
9.562557420652467499e+00 3.732925910334605191e-01 4.559606734041948654e-03 7.719895297856561867e-02 2.958957975859383659e-03
9.963783776393118075e+00 3.716903312880227572e-01 4.242455181017977528e-03 3.209096154921362346e-04 2.869479972479444928e-03
1.023126598463704084e+01 3.699573382927812681e-01 4.308469835025988993e-03 -9.295008335045584769e-02 3.448159220172729560e-03
1.069936745750081997e+01 3.513705555092766497e-01 4.641663660317695353e-03 -1.995627149645581855e-01 4.801421701171910625e-03
1.110058772649193770e+01 3.180127845416845789e-01 5.551905250605394283e-03 -3.053313459162261267e-01 6.929839434640676019e-03
1.143494505185899079e+01 2.617517803919165997e-01 6.806734405975960363e-03 -4.279022572502038657e-01 9.969947023479927908e-03
1.190304043797323708e+01 1.392519021152540115e-01 1.009647666684852958e-02 -5.656269318587172634e-01 1.569847995174586050e-02
1.223739776334029017e+01 -1.213504203256609015e-01 2.162177898286178276e-02 -7.432799733402490894e-01 3.039225564795271228e-02
1.270549314945453645e+01 -5.020015263115724657e-01 4.920464098536941194e-02 -6.843696047369831614e-01 4.595615031682673962e-02
1.303985047482158954e+01 -1.214764960126663240e+00 1.413812691101499208e-01 -1.704383871822847119e-01 5.243315149177739387e-02
1.350794586093583582e+01 -7.948536803988199839e-01 9.125884604136223766e-02 8.584673677565725081e-01 7.583819956427326203e-02
1.390917221667648462e+01 -8.855400461981755011e-02 2.525685410730428571e-02 9.159680571614544631e-01 3.909104974545924566e-02
1.424352954204353772e+01 1.633119161691859444e-01 1.407794824124325266e-02 7.089988045799006100e-01 2.075809880466503513e-02
1.457788686741059081e+01 2.623104785350842127e-01 9.001861131471946068e-03 4.579779753888424954e-01 1.020947391251005205e-02
1.497910713640170854e+01 3.165532890393799592e-01 6.290131781751031118e-03 2.838365002477361565e-01 5.575021978314562490e-03
1.538033349214236090e+01 3.421085751135327646e-01 4.543007861414574168e-03 1.426171021145557216e-01 3.243208902119380961e-03
1.571469081750941221e+01 3.546844875992163360e-01 4.051255167824944180e-03 5.970473649421811912e-02 2.676544581868740141e-03
1.604904814287646531e+01 3.761816229895995622e-01 4.247316155890037970e-03 -2.530511430598571254e-02 2.900364759829328690e-03
1.645027449861711588e+01 3.837565735153414814e-01 4.561547244553558825e-03 -1.273232820651998276e-01 3.812107250128878022e-03
1.685150085435776290e+01 3.719662576261398845e-01 5.235680716676222209e-03 -2.697024211381792713e-01 5.984813888362419503e-03
1.718585209297528138e+01 3.574300748251277859e-01 6.713441599366607240e-03 -4.214975329916290092e-01 9.403557912990479981e-03
1.758707844871593196e+01 2.976961930531863421e-01 9.581448904487590082e-03 -5.580197702702275331e-01 1.487441448275696014e-02
1.805517992157971108e+01 1.165879461377575810e-01 1.586853846847549598e-02 -7.198741469233359558e-01 2.573451301031794841e-02
