0.000000000000000000e+00 3.336087539349627540e-01 3.616187134419309324e-03 6.045753059164233473e-02 2.544690425502212083e-03
3.343124498051452953e-01 3.258402379165647456e-01 3.271163134948180343e-03 -3.415273684722081038e-02 2.577793263843821455e-03
6.686188136776856084e-01 3.075150536923645928e-01 3.271438547307817767e-03 -1.159602741607270171e-01 3.119006153944554709e-03
1.069791319070819036e+00 2.808311631372675254e-01 3.538610655653978351e-03 -2.063656919843263049e-01 4.165375027014344561e-03
1.404103768875964331e+00 2.377863262762258401e-01 4.366793528396422860e-03 -3.078991916276349050e-01 6.023339576476988491e-03
1.671550077160517622e+00 1.420834667058433198e-01 6.232837390854209861e-03 -4.568621866827431988e-01 9.815726033987240418e-03
2.072722582553651272e+00 -2.162043919960110472e-02 1.135545507238323176e-02 -6.506838651600590495e-01 1.803607241912175141e-02
2.407035032358796567e+00 -4.186650389580252041e-01 3.018131032514541692e-02 -8.299689168742294676e-01 3.612587052287802997e-02
2.741347482163941862e+00 -9.057768127386542911e-01 6.559877414428139097e-02 -4.729698201487456122e-01 3.756585311467552923e-02
3.209380043145061201e+00 -1.129958267623274448e+00 8.196205677865879557e-02 3.141015895104873890e-01 3.482582645873762150e-02
3.610552548538194628e+00 -6.262863172523867039e-01 4.109939784072181440e-02 7.872531028775364703e-01 3.676434324976564361e-02
4.011725053931327167e+00 -1.252885948897587420e-01 1.505307995738478129e-02 6.371586141645833035e-01 1.761143048232239813e-02
4.412897559324459706e+00 1.065828573131205048e-01 8.210715421078347911e-03 4.697458030645654814e-01 9.492122357417321840e-03
4.814070064717593134e+00 2.200558213269071528e-01 5.829188895191681104e-03 3.534537106031158671e-01 6.072954982528746930e-03
5.282102625698713361e+00 2.842460593961669835e-01 4.562052176338288190e-03 2.519358979095942530e-01 4.092405012838125876e-03
5.683275131091845900e+00 3.188656543868743087e-01 3.936695689658525205e-03 1.490276564468279163e-01 2.973866225361286846e-03
6.084447636484978439e+00 3.264405304461225898e-01 3.504185423449403518e-03 5.637245314186879047e-02 2.506039341786284874e-03
6.552480197466098666e+00 3.282374449633825297e-01 3.391226127076765566e-03 -1.925505417243573297e-02 2.577343860730493125e-03
6.819932591683256717e+00 3.190054834431927389e-01 3.329499066623418241e-03 -1.160164142227811807e-01 3.140420070175508737e-03
7.287965152664376944e+00 2.894330752600013934e-01 3.670812270450601444e-03 -2.119342257652989114e-01 4.323124846643879374e-03
7.689137658057508595e+00 2.339034610194929420e-01 4.345312197400887783e-03 -3.187832373656318552e-01 6.154858791427695111e-03
8.023450107862656111e+00 1.549400291173788635e-01 5.590256202803868361e-03 -3.999575797954140199e-01 8.427480620399323274e-03
8.491482668843774562e+00 -1.803904924159749346e-02 9.979754035981017180e-03 -5.821053925215018410e-01 1.508119894822110632e-02
8.825789032716317095e+00 -3.481077138188216624e-01 2.365466576053083803e-02 -7.621719050833533071e-01 2.890422374438752010e-02
9.226961538109449634e+00 -1.008753481032327759e+00 7.196000213791683975e-02 -6.901340193161661363e-01 4.711304196817395207e-02
9.561273987914594485e+00 -1.028114994575134222e+00 7.434034967436603525e-02 1.877885910022650262e-02 2.918738348385392992e-02
9.962446493307727025e+00 -7.324185088155177326e-01 4.971231163701424899e-02 7.513659875338656313e-01 3.979966603870450231e-02
1.036361899870085956e+01 -2.397143356147619642e-01 2.239079875279826465e-02 8.297325278607022847e-01 2.810214383330526811e-02
1.069793144850600441e+01 7.174644243826638901e-02 1.029737615034861942e-02 5.804943309608658897e-01 1.297739784857812953e-02
1.109910395389913873e+01 1.905956031494153990e-01 6.571679367929550951e-03 3.927149373061106230e-01 7.150806268060336951e-03
1.143341031777167949e+01 2.717712428296008564e-01 4.722270409729303203e-03 2.637555736782495330e-01 4.342538136251983608e-03
1.183458282316481203e+01 3.102644491218041756e-01 3.972239788576204141e-03 1.768562512227948580e-01 3.128917368653890124e-03
1.230261538414593403e+01 3.279543359687448478e-01 3.496987296002298639e-03 7.458863139444851797e-02 2.473910076853873697e-03
1.263692783395107888e+01 3.269939175708390655e-01 3.325472741596050084e-03 -1.726996841632672669e-02 2.514276840601075477e-03
1.303810033934421142e+01 3.246946786136100105e-01 3.393810437625297688e-03 -1.087965325425257618e-01 3.109099394153349866e-03
1.337241278914935627e+01 3.124132896806047777e-01 3.666616885976936059e-03 -2.022441890141366272e-01 4.132086841971048530e-03
1.377358529454248881e+01 2.667967561626946038e-01 4.457415057260019804e-03 -3.312577035596127595e-01 6.292822104642898512e-03
1.424161785552360726e+01 1.779977819219825674e-01 6.134557884532818202e-03 -4.477592058956894050e-01 9.600285505109286063e-03
1.464279036091673980e+01 5.916108837736189230e-03 9.808253708395801504e-03 -5.269096841957034982e-01 1.414381734168478760e-02
1.504396286630987589e+01 -3.062038460939553453e-01 2.191980644577550680e-02 -6.165208174991144707e-01 2.431882861546761504e-02
1.537827531611502074e+01 -1.188191899930575612e+00 9.267296298395485965e-02 -5.485497164096565514e-01 4.753954123387037212e-02
1.577944782150815328e+01 -1.027919624777004159e+00 7.322134671301337716e-02 3.119788075454109633e-01 3.295888630832315147e-02
1.618061424096868350e+01 -4.127008382966695921e-01 2.734289552459738537e-02 5.076565960269058264e-01 2.242303146218016519e-02
1.658179283229441836e+01 -8.715033774060987337e-02 1.337729586179369802e-02 5.245901983507534894e-01 1.447695584386383960e-02
1.691609919616696089e+01 1.129233004581945421e-01 8.311303501660819576e-03 4.766021062829032817e-01 9.656409837360272613e-03
1.738413175714807934e+01 2.211125601286367259e-01 5.820849112789364121e-03 3.550437307477709581e-01 6.096991007711912228e-03
1.771844420695322597e+01 2.715719415786951307e-01 4.802250362400063179e-03 2.525036005412414908e-01 4.336678454049253117e-03
1.811961671234635673e+01 3.086234769833735014e-01 4.083146279696981025e-03 1.540748636364946411e-01 3.156527358002102907e-03
