0.000000000000000000e+00 3.395303915892621816e-01 3.450792382515156104e-03 1.096112879495341613e-02 2.525046637690493700e-03
2.665125697119097303e-01 3.407620221796136550e-01 3.519967612068421268e-03 -9.276976283568758030e-02 3.020388836618476038e-03
6.662753597330639543e-01 3.236229448779484597e-01 3.731375611783625812e-03 -1.831361916470853612e-01 3.914967477620713912e-03
1.132663259908841091e+00 2.867584879021990441e-01 4.448489737360852847e-03 -2.912661496176015552e-01 5.631715778107116745e-03
1.465800939775372846e+00 2.397961722061872636e-01 5.940038999394154154e-03 -4.280990805267270161e-01 8.721619728980774949e-03
1.865563729796527737e+00 7.766634550550433058e-02 9.767844798581870255e-03 -5.914951507905296113e-01 1.555087911354604766e-02
2.331951629972304652e+00 -2.058999138961584707e-01 2.078991423435676972e-02 -7.776023526530022600e-01 2.925383760783179660e-02
2.665089309838836407e+00 -7.739251429973519336e-01 6.262046803686546759e-02 -8.033748993235338975e-01 5.247176811762963716e-02
3.064852099859991075e+00 -1.196192068213595583e+00 1.071538918800125084e-01 2.864354283996466480e-02 3.499887232493897882e-02
3.531240000035768212e+00 -6.792638939329189718e-01 5.345004649414660663e-02 6.943725738980105477e-01 4.193899904770781450e-02
3.931002790056922880e+00 -2.318544020019887020e-01 2.289152305129417420e-02 7.397385207048180478e-01 2.742992369830198757e-02
4.330765580078077548e+00 6.424962666365718889e-02 1.169719826483228350e-02 6.096609752214782185e-01 1.524111185592078380e-02
4.663897195397900042e+00 2.197175224211164180e-01 6.867639130259533230e-03 4.028570418023617039e-01 7.508606985379264430e-03
5.196916270275009353e+00 2.900823547471156894e-01 5.189643000001150849e-03 2.916449835906890220e-01 4.939229844679706230e-03
5.530053950141541108e+00 3.250120572844376055e-01 4.406947804736402984e-03 2.013256813898272046e-01 3.630491354237375557e-03
5.929816740162696220e+00 3.431509882314104365e-01 3.843573671328138781e-03 9.880519666704325188e-02 2.778967754707178505e-03
6.329579530183850444e+00 3.464771585914274143e-01 3.636997703510373974e-03 7.379107116330224300e-03 2.647246924728211340e-03
6.596086035349050469e+00 3.352324637710553668e-01 3.457216206580381642e-03 -8.638238765574271505e-02 2.979456894865192915e-03
6.995848825370204693e+00 3.210794560396640906e-01 3.666135414703129529e-03 -1.658930305244486758e-01 3.739755711501912498e-03
7.395611615391358917e+00 2.968851211928432154e-01 4.529444186738181867e-03 -2.782196268449838583e-01 5.526531092774666747e-03
7.861999515567136498e+00 2.165704310727993298e-01 5.552172254207390564e-03 -3.824649105540594562e-01 7.811560320202016322e-03
8.261762305588289834e+00 8.394728692539238368e-02 8.832845510807081288e-03 -5.576064781682533722e-01 1.366831469679951651e-02
8.594899985454823366e+00 -1.247178804012233355e-01 1.627400897309228683e-02 -6.846784878860684431e-01 2.283538047372625848e-02
8.994662775475978478e+00 -5.242082891827637425e-01 3.967712940255103959e-02 -5.874458400812551107e-01 3.340766643381253009e-02
9.327800455342510233e+00 -1.089514181556805239e+00 9.961366903918399129e-02 -1.062733705373831578e-01 3.548666883408081729e-02
9.794188355518286926e+00 -8.318217066237783008e-01 6.763300039284898812e-02 6.008923201848639373e-01 4.307419935385990023e-02
1.012731997083810853e+01 -2.728864151361499735e-01 2.511572650642521914e-02 7.495764634790575975e-01 2.928539065868411215e-02
1.052708276085926364e+01 7.999428204718039837e-02 1.113290944678671339e-02 5.593730527892859516e-01 1.393956511918694775e-02
1.092684555088041876e+01 2.006374463123595242e-01 7.064835603370189093e-03 4.179372286145227045e-01 7.872468611313231460e-03
1.132660834090157209e+01 2.805677453702926094e-01 5.561588499028037764e-03 3.125799080589071743e-01 5.415288460542239633e-03
1.165974602076810385e+01 3.124173663531669143e-01 4.264564138734217892e-03 1.937274667984599241e-01 3.536722963482057981e-03
1.199288370063463560e+01 3.346599373906044006e-01 3.905274106130680444e-03 1.142332448029855368e-01 2.879991491633994080e-03
1.252589671096503743e+01 3.448967490064378527e-01 3.591935597138371395e-03 1.351695064308639990e-02 2.600270147036985897e-03
1.279240928067694760e+01 3.414967845993744922e-01 3.566416045356659171e-03 -6.662139910407514909e-02 2.916640476229785499e-03
1.319217207069810094e+01 3.255017049078030578e-01 3.782122895710984291e-03 -1.742355609552590778e-01 3.899379338876554982e-03
1.365855997087387763e+01 2.879701938147146700e-01 4.146610455739040482e-03 -2.464941123669055489e-01 4.916140419622717049e-03
1.412494787104965432e+01 2.221246881497984382e-01 5.448490207642151147e-03 -3.743267172373038187e-01 7.600581614166251193e-03
1.445808555091618608e+01 1.283757641397808569e-01 7.962616402334577598e-03 -5.049552047800616172e-01 1.195496224292692811e-02
1.485784834093733942e+01 -1.380965537518490382e-01 1.641872344611075910e-02 -6.512200749275964817e-01 2.211460345056428037e-02
1.525761113095849630e+01 -4.424393748020056805e-01 3.389834116588623381e-02 -6.151375676088104427e-01 3.181862548813687436e-02
1.559074274627831791e+01 -9.578885733136142111e-01 8.111958594036698666e-02 -2.261560793034705086e-01 3.374492379715753748e-02
1.599050553629947480e+01 -7.919263099208371237e-01 6.604887409618502569e-02 6.304635488268945931e-01 4.451196130125745914e-02
1.639026832632062991e+01 -2.354988841048267778e-01 2.359691646009313623e-02 7.217716164031321435e-01 2.769336114291168563e-02
1.672340600618716167e+01 3.688989812187626338e-02 1.111114173537657186e-02 5.420956976733488641e-01 1.339951880402384145e-02
1.718979390636293658e+01 1.894088433048011222e-01 7.758718361701988191e-03 4.596500092769371104e-01 9.002141793982558482e-03
1.752293158622946834e+01 2.685395006410228325e-01 5.254014433085987638e-03 2.989074071765572826e-01 5.091341726651541118e-03
1.798931948640524681e+01 3.119601788215179416e-01 4.304079228345313729e-03 1.953012781750714522e-01 3.579880179581555483e-03
1.832245716627177856e+01 3.284500497565081001e-01 3.762786424398490912e-03 9.292915473462161347e-02 2.781001475822951746e-03
