0.000000000000000000e+00 -9.576584404938883743e-01 6.088478350032153902e-02 4.399845057263277598e-02 2.831965193360825098e-02
4.008003497765031398e-01 -6.645254391146375728e-01 4.085892417793231951e-02 6.678488151166639408e-01 3.215818973919375157e-02
8.016006995530080559e-01 -1.911309087417698560e-01 1.723986085097714213e-02 6.195069167318761894e-01 1.847215633389241371e-02
1.202401049329511418e+00 5.499941083496850958e-02 9.647212118149308541e-03 4.993951037097368872e-01 1.100024118625232694e-02
1.536403367572220402e+00 1.875177916212703300e-01 6.294696806881834583e-03 3.724841591386388040e-01 6.628776589313196618e-03
1.937203717348724430e+00 2.638641018280781236e-01 4.707661627560966004e-03 2.625896960310366568e-01 4.235576132689035551e-03
2.471600130192817435e+00 3.022938023325515422e-01 4.037751543912847935e-03 1.624126567231380103e-01 3.064265716665819182e-03
2.805602448435526863e+00 3.212338134422995095e-01 3.661093192833605667e-03 8.011540975126460462e-02 2.500722092365220868e-03
3.139604766678235848e+00 3.266818826086202443e-01 3.391052834024201566e-03 -1.114426642113179773e-02 2.452103032431378078e-03
3.540405116454739876e+00 3.210306252878297739e-01 3.350162923579438901e-03 -1.014424772403920844e-01 2.989489936794341874e-03
4.008003497765038503e+00 2.980396637129372750e-01 3.679632650191883795e-03 -1.845875739929208614e-01 4.073422171192059814e-03
4.408803847541542531e+00 2.565359133492175481e-01 4.167323214386364251e-03 -2.754658613357209851e-01 5.581649014704947488e-03
4.809604197318045671e+00 1.730310923846671844e-01 5.437137026084611774e-03 -4.025265294214777079e-01 8.493850701313778589e-03
5.277202578628344298e+00 2.032191439048258719e-02 8.645619413711100321e-03 -5.489156215220628576e-01 1.352206601949408442e-02
5.611204896871053727e+00 -1.826330705062263471e-01 1.502645318549278297e-02 -6.209143142568337437e-01 1.954794789556476772e-02
6.012005246647556866e+00 -5.182636061094932911e-01 3.062805438686068762e-02 -5.896442649224773458e-01 2.739074797838740929e-02
6.412805596424061783e+00 -9.738891905074316124e-01 6.072544482037631891e-02 -1.329952302904656436e-01 2.867180221948322644e-02
6.680003802846107064e+00 -8.943350372740077603e-01 5.761102845125239819e-02 5.353085042441140251e-01 3.530107932864909315e-02
7.147602184156406580e+00 -3.513985744272123402e-01 2.791805483142427782e-02 7.763873539017888126e-01 2.979831012489084219e-02
7.481604502399115120e+00 1.036346465105097980e-02 1.310238733770398116e-02 6.276905654860172046e-01 1.611903341301490142e-02
7.882404852175619148e+00 1.860630609926269274e-01 7.660484520502375098e-03 4.507105198336954222e-01 8.635013127569216018e-03
8.283205201952123176e+00 2.646071136111015631e-01 5.737229813925091328e-03 3.350482792887351513e-01 5.617999759813530058e-03
8.617207520194833492e+00 2.982298881720898964e-01 4.507639617557466886e-03 2.227559124893965514e-01 3.694205265943489771e-03
8.951203758150672485e+00 3.169634257701019475e-01 3.790672806975279707e-03 1.185185615090903477e-01 2.649349186939207231e-03
9.285206076393381025e+00 3.270998045027478374e-01 3.417004439241590544e-03 1.608472780080058215e-02 2.331702737530779238e-03
9.619202314349223570e+00 3.280708913344420052e-01 3.324235107087679907e-03 -6.478207929530666043e-02 2.638419881125055218e-03
1.008680677594638908e+01 3.204671693035787694e-01 3.473134223644661935e-03 -1.634684671955793089e-01 3.569898077306367205e-03
1.042080301390223163e+01 2.911899654453447006e-01 3.969114109013130269e-03 -2.685786715005133996e-01 5.217574921651231025e-03
1.088840747549939714e+01 2.219954499775925738e-01 5.290075697456218633e-03 -4.041961883329930894e-01 8.353254867360876759e-03
1.128920782527590205e+01 1.101280009932062987e-01 8.035637785089613100e-03 -5.239429284938974529e-01 1.286322276797655442e-02
1.162320406323174282e+01 -1.774778929907485647e-01 1.786433789027896957e-02 -6.969750336679210179e-01 2.432455709684649969e-02
1.202400441300824774e+01 -7.029245761072500098e-01 4.484508235094230438e-02 -5.923574883123065016e-01 3.480041689761228380e-02
1.242480476278475088e+01 -1.108018498371405647e+00 7.271876331316257103e-02 5.755795812442548315e-02 3.158205650244925999e-02
1.289240922438191816e+01 -5.864929401948301146e-01 3.489897547516537107e-02 4.971053847211036603e-01 2.521753521757614733e-02
1.336000760569221413e+01 -1.845041344748845624e-01 1.671488705083697471e-02 6.038459686644762625e-01 1.771953477570148081e-02
1.369400384364805490e+01 6.340815406148775368e-02 9.144949090873218112e-03 4.896592205668960918e-01 1.037110777219686121e-02
1.416160830524522218e+01 1.953232265767901599e-01 6.468324908393083966e-03 3.858382032290578745e-01 6.875771109652160755e-03
1.449560454320106473e+01 2.627391995425099047e-01 5.122189581363560673e-03 2.805706278762186701e-01 4.699949358208929673e-03
1.503000703633202484e+01 3.075865061569791892e-01 4.179091037827389020e-03 1.774403031413509246e-01 3.189844812502905507e-03
1.536400935457473338e+01 3.248945384090663469e-01 3.662558525100604277e-03 8.047809154917796859e-02 2.471971455814905676e-03
1.583160773588503467e+01 3.306167051527276191e-01 3.454777769776247540e-03 -3.566223138051188954e-04 2.421697585915947703e-03
1.623240808566153959e+01 3.166774659752836785e-01 3.315811006149043186e-03 -8.655354880845343712e-02 2.867911656485723319e-03
1.663320843543804273e+01 2.937960724269373936e-01 3.454192725841465084e-03 -1.785509672578011742e-01 3.833873599337309611e-03
1.703400878521454587e+01 2.487620365274519907e-01 3.985377911810824778e-03 -2.770911666140315477e-01 5.471817706560538723e-03
1.736801110345725263e+01 1.846489017383685649e-01 5.182716967599345671e-03 -3.813732628309108308e-01 7.946689430279379671e-03
1.770200734141309340e+01 5.800618756163555823e-02 8.496149164100460366e-03 -5.385898540720948091e-01 1.335475381949586572e-02
1.810280769118959654e+01 -2.202387164346187864e-01 1.769313778780791380e-02 -6.560145051252578297e-01 2.250567124772254526e-02
1.850360804096609968e+01 -6.588125187895108592e-01 3.939069122452215632e-02 -5.564851156005861110e-01 3.068937067997610374e-02
