0.000000000000000000e+00 3.134263872404430273e-02 2.431890813503144802e-02 -9.301558884774553393e-01 4.929670578485415011e-02
4.014010819472395575e-01 -7.243473480853768187e-01 1.196054538804202927e-01 -1.620022469323142644e+00 1.826162941063993461e-01
8.028021638944777827e-01 -1.449760945073996776e+00 2.783896449398294282e-01 -6.420606651503453222e-01 1.321374514753121121e-01
1.137299005917047801e+00 -8.435230951057803850e-01 1.420811535414193139e-01 6.608969600778852316e-01 9.671862320821834891e-02
1.471801937339811017e+00 -1.816867113807376644e-01 4.727011209308110140e-02 1.087718189177683037e+00 6.971916479729771410e-02
1.873203019287049242e+00 1.708348425185930441e-01 2.277469493249519722e-02 8.824800974298370182e-01 3.498825213674187223e-02
2.341502251758763808e+00 3.420853068425646626e-01 1.388262787018911155e-02 6.075599110842457851e-01 1.744112660239521828e-02
2.609107032657051128e+00 3.585635151067207982e-01 9.267760447695007689e-03 3.904818161599618587e-01 9.402135355012617227e-03
3.211208655577908910e+00 4.006130940479251668e-01 7.302580268352356317e-03 2.699350094044995485e-01 6.007791627719077411e-03
3.478807347076003698e+00 4.117343053925627827e-01 6.142931867474392578e-03 1.591719037183938201e-01 4.024509072301673228e-03
3.813310278498767136e+00 4.033206531014398855e-01 5.419263344020671877e-03 6.198491007632677546e-02 3.225027598855164344e-03
4.147807120521337154e+00 4.022038998299319879e-01 5.382739100528262897e-03 -3.667372353588035233e-02 3.496013921380804624e-03
4.549208202468576268e+00 3.902538808700281026e-01 5.343809822309971563e-03 -1.322891755380582179e-01 4.274778614591353415e-03
4.816812983366864032e+00 3.822158243550681789e-01 6.007599126680091516e-03 -2.519073193753670892e-01 6.217849486443705748e-03
5.151309825389433605e+00 3.565728428375133929e-01 7.353473647550109148e-03 -3.687655574747981668e-01 9.369890955788899925e-03
5.619615147261340482e+00 2.943462474822558517e-01 1.021111196592112448e-02 -5.251559626284839633e-01 1.609134444034161088e-02
5.954111989283910944e+00 1.534626129305296516e-01 1.752399181898648198e-02 -8.286345622600932437e-01 3.574534500338482496e-02
6.422411221755625732e+00 -4.355368990095813686e-01 8.349770319278228270e-02 -1.629808138752935731e+00 1.638746423851030476e-01
6.823812303702863069e+00 -1.210414946314236850e+00 2.168730608319145992e-01 -1.270338382409957445e+00 1.914458340625833921e-01
7.225213385650101294e+00 -1.233628830419020606e+00 2.256051336830283416e-01 4.888046666978460575e-01 1.048776518726696749e-01
7.559716317072864733e+00 -5.195359696878529832e-01 7.959303077196232257e-02 1.347612438692429082e+00 1.096712928914945484e-01
8.028015549544578633e+00 9.338943457326998043e-02 2.312428100414678014e-02 8.499468853085903053e-01 3.402071715890495757e-02
8.362518480967342072e+00 2.676328958824146786e-01 1.545816635069696687e-02 6.773387226156983854e-01 2.079672063571618920e-02
8.763919562914582073e+00 3.517426801714532147e-01 9.922348482906292316e-03 4.289479547723575870e-01 1.053563509541367328e-02
9.165320644861820298e+00 3.818645956482673576e-01 7.100812485567049859e-03 2.639771224842635267e-01 5.880734661014045891e-03
9.700524117258202850e+00 4.117040124709352988e-01 6.218471570175339823e-03 1.545778109331454320e-01 4.071882573916237209e-03
9.968122808756298525e+00 4.021749695672455216e-01 5.494563821353205119e-03 8.950396026298107488e-02 3.312177877055515370e-03
1.030261965077886721e+01 4.040658214101305323e-01 5.335173262849221033e-03 -2.056698350121401522e-02 3.378483592063879961e-03
1.077092497265077320e+01 4.075488130873209935e-01 5.703257611283237341e-03 -1.341415142620075995e-01 4.450027569008602017e-03
1.110542181467334366e+01 3.861837015733184941e-01 6.349290248829122726e-03 -2.236029247027055966e-01 6.109235801078856214e-03
1.143992474609610710e+01 3.629805890268943958e-01 6.825131640292953113e-03 -3.195344683763828297e-01 8.023321888321697376e-03
1.184132582804334710e+01 3.133485578655959558e-01 9.807522931348117493e-03 -4.995020708180629709e-01 1.470893756730463214e-02
1.230962506051506011e+01 1.585792148852434025e-01 1.623124152268571457e-02 -7.166425663568145588e-01 2.937862145188524163e-02
1.264412799193782355e+01 -5.227456862777768443e-02 2.859247227212272438e-02 -8.104780527103898624e-01 4.735446003743980226e-02
1.311242722440953656e+01 -6.005058891982126834e-01 8.828327019946551057e-02 -9.805518983912872022e-01 9.746588391795836526e-02
1.344693015583230000e+01 -1.064077085142335566e+00 1.794909865188419607e-01 7.768103443292576071e-02 6.956320178090336093e-02
1.391522938830401479e+01 -3.758186821657645282e-01 7.318693708448598123e-02 1.459525667896535150e+00 1.209017735071212796e-01
1.431663047025125302e+01 8.058030271256577670e-02 3.053699749679111147e-02 1.082417672116469998e+00 5.168442801528960739e-02
1.458423525114954167e+01 2.195975960713645314e-01 1.665925042721728630e-02 7.079931557000475051e-01 2.306313848405800934e-02
1.491873209317211035e+01 3.529154093223967337e-01 1.105657754931910902e-02 4.612179506244831195e-01 1.207669188002397087e-02
1.532013317511935213e+01 3.634212294685202904e-01 6.388465847365465411e-03 2.346850201366372513e-01 5.163157209146543650e-03
1.572153425706659036e+01 3.733576224574000069e-01 5.516382868648464152e-03 1.443224916317569217e-01 3.768683566747530519e-03
1.612293533901382858e+01 3.910125866342945566e-01 5.266951874538147380e-03 4.972565202279102814e-02 3.168278558346197035e-03
1.652433642096106681e+01 4.075247416298404812e-01 5.542124075520279101e-03 -1.946509542019665695e-02 3.416685245043131220e-03
1.685883935238382847e+01 4.102026146315227995e-01 5.814932584670823995e-03 -1.800619006670066968e-01 4.983832034194525355e-03
1.726024043433106669e+01 4.138340401895094223e-01 6.745233969910354940e-03 -3.010782418317342612e-01 7.237489759985130978e-03
1.766164151627830492e+01 4.153769107916593928e-01 9.365063618534646972e-03 -4.588519796772980719e-01 1.251543799820317542e-02
1.806304259822554314e+01 3.598124218254558082e-01 1.129697494069461204e-02 -5.422512021673298044e-01 1.742029266749452882e-02
