0.000000000000000000e+00 8.401856402756522346e-01 3.605348016788924304e-02 1.036345602163360330e-01 1.661790738198782799e-02
2.452099052649385769e-01 8.768110213325077673e-01 3.755319787109694801e-02 7.490463685909544422e-02 1.628620184180101446e-02
7.356352957221181654e-01 8.156034185267503345e-01 3.442474301796394354e-02 6.820516744122985531e-02 1.602316354463339740e-02
1.103452943583178136e+00 8.176337849483733544e-01 3.422885395800967512e-02 6.179162866872370263e-02 1.543348664674475471e-02
1.409969510109827961e+00 8.294261706463760264e-01 3.425097861022607937e-02 2.159992727478406843e-02 1.480754923392784209e-02
1.777787157970887044e+00 8.069502596582233123e-01 3.385002061792143774e-02 4.562349250947547036e-02 1.517410328694990262e-02
2.084298144570235767e+00 7.748972859131708635e-01 3.131291298082684860e-02 -4.806840602366353049e-02 1.480583572464992149e-02
2.513422453693006098e+00 7.717579180900878688e-01 3.102492375335590483e-02 -1.065555834794131365e-02 1.482734400355666983e-02
2.758632358957944675e+00 7.571203314409790108e-01 3.092769263076688979e-02 -4.039528915582754620e-02 1.580864234821653322e-02
3.187751088153413903e+00 7.156076960537905984e-01 2.697670787342830098e-02 -5.734685517052428433e-02 1.467872347315495214e-02
3.432960993418352480e+00 9.167430302377481688e-01 4.550875893362046898e-02 -1.368933196684156695e-01 2.264491237159317952e-02
3.862085302541123255e+00 7.798667255544825538e-01 3.302819112387265360e-02 -1.164505249626767297e-01 1.815554551872483949e-02
4.229902950402182782e+00 8.281773660191877884e-01 3.823726169744442321e-02 -1.036868920668567035e-01 1.993194223665931131e-02
4.597720598263242309e+00 9.025715786409034269e-01 4.642974349860326533e-02 -1.003351098789004026e-01 2.244167198707809618e-02
4.904231584862590587e+00 1.016491412547393391e+00 6.085144751923880074e-02 2.311090603383428657e-02 2.502911611479061854e-02
5.333355893985360474e+00 1.048707058823281191e+00 6.471097403164588480e-02 1.175021872723144845e-02 2.632943823087599208e-02
5.639866880584709641e+00 9.947542493323324742e-01 5.632121037017008558e-02 6.646828465656437479e-02 2.404441827283747973e-02
6.068991189707480416e+00 8.341382241106971573e-01 4.055927366760546382e-02 7.129548859002804440e-02 1.974210544498768496e-02
6.375502176306827806e+00 9.306957119946384083e-01 4.396859422348581292e-02 1.716435508439179691e-01 1.996244964772238284e-02
6.804626485429598581e+00 7.757794000283175784e-01 3.295527616319322839e-02 1.545594590081889319e-01 1.691911518262698144e-02
7.111137472028946860e+00 7.691089716009391619e-01 3.140412710641985600e-02 1.092507364716599622e-01 1.522732499174990310e-02
7.540261781151717635e+00 8.152546401868923098e-01 3.451745364166460689e-02 8.121385729010867360e-02 1.567027392348394055e-02
7.969380510347186863e+00 7.430217540124314235e-01 2.723421342322338706e-02 6.582119525221656609e-02 1.268531735743935393e-02
8.275891496946535142e+00 7.424330010629969223e-01 2.684229177494265595e-02 4.173533239380986491e-03 1.248965492659906244e-02
8.705015806069305029e+00 7.731325824589883045e-01 2.962257268962871504e-02 -4.076005383966134488e-02 1.388448442352041394e-02
9.011526792668654195e+00 7.352479357675878457e-01 2.750727533441016046e-02 -5.985752835380721282e-02 1.408217439191693059e-02
9.379344440529711946e+00 7.288289092251056811e-01 2.678119417873391084e-02 -1.365217013868713913e-01 1.528314994544299581e-02
9.747162088390773249e+00 7.578949590370275269e-01 3.076558630022014837e-02 -1.661385308509372993e-01 1.823960059790108792e-02
1.005367865491742307e+01 8.282031732502543875e-01 3.806244461891408748e-02 -1.375105445700076368e-01 2.075445413329145977e-02
1.036019522144407290e+01 9.475570894177540726e-01 4.983367346150682775e-02 -1.410966129457037199e-01 2.434445534033096228e-02
1.072801286930513065e+01 1.028760142715625214e+00 6.616494146225869455e-02 -1.499552004326659693e-01 3.107458379355364925e-02
1.109582493723888952e+01 1.060178282726809140e+00 7.181243897153871680e-02 -5.654122449676166062e-02 3.036967679600197784e-02
1.140234150376554112e+01 9.767393791989320562e-01 5.784676081845470386e-02 8.785294793570262717e-02 2.545453157660385046e-02
1.189276689422271893e+01 8.967593963528870393e-01 4.836829792486572327e-02 1.606272887961115170e-01 2.361004039065226282e-02
1.219927788082206810e+01 8.390060098197426042e-01 4.182947444912653301e-02 1.763720143604106949e-01 2.160006365091294775e-02
1.256709552868312585e+01 8.247429387724514172e-01 3.782310747498013326e-02 1.965936755360303823e-01 1.972741416213814880e-02
1.293491317654418538e+01 7.482718540224485571e-01 2.847637379712514294e-02 3.542132448074630097e-02 1.393151197531029319e-02
1.324142974307083520e+01 7.310945774668368147e-01 2.585496469583562287e-02 -1.022392490019118257e-02 1.251157884805341285e-02
1.360924739093189650e+01 7.830570034647617028e-01 2.900084099812674787e-02 5.591679382364811261e-03 1.291989782530051853e-02
1.397706503879295603e+01 7.450085845120476558e-01 2.620976859842258366e-02 -2.512356248636285136e-02 1.200538487961166044e-02
1.434488268665401378e+01 9.841464920135221117e-01 4.650651749743573565e-02 -1.385714638528116605e-01 2.049866245846953747e-02
1.471270033451507331e+01 1.093839709152328199e+00 5.945887740263420401e-02 -1.656898496762670148e-01 2.528414574156354760e-02
1.508051798237613461e+01 9.269051252735415192e-01 4.400231442176661539e-02 -1.061220694246923363e-01 2.015380511346404058e-02
1.538702896897548200e+01 9.620386321690566067e-01 4.973360108924400336e-02 -1.440768774369295124e-01 2.329306305449401621e-02
1.575485219676384396e+01 1.007158715868771148e+00 6.049058676967499631e-02 5.147369980622119867e-02 2.431899330657600472e-02
1.606136318336319135e+01 8.652437970092743402e-01 4.619054274261527593e-02 8.571185303088671437e-02 2.140909275354846084e-02
1.642918083122425088e+01 8.403137400500075849e-01 4.219860760974239455e-02 4.729288264009256365e-02 2.030472542473912151e-02
1.679699847908531041e+01 7.969183267538100246e-01 3.932902672032621144e-02 7.594338880466708352e-02 2.065841418294090542e-02
