0.000000000000000000e+00 1.129512242411675027e+00 4.858596674307869706e-02 1.906004750466752662e-02 1.666813431003152587e-02
3.325964083287114015e-01 1.082249325271393170e+00 4.551187582728657283e-02 1.364269540771501782e-02 1.582480327745886331e-02
7.317169421659257544e-01 1.111251449395188162e+00 4.875207663908706635e-02 -1.794736724003887993e-02 1.605423487254383982e-02
9.978013345930349942e-01 1.064750993179227612e+00 4.647351032694994194e-02 -3.900927597101102456e-02 1.533438928191497262e-02
1.396921868430249569e+00 1.103106029354680384e+00 5.116138840098666263e-02 -2.637332778136353140e-02 1.607190691200060043e-02
1.796042402267463922e+00 1.116710758832210937e+00 5.196673943094247405e-02 -1.264641057530983825e-02 1.657736542285151785e-02
2.195162936104678497e+00 1.166203803501838721e+00 5.576348128167660234e-02 -3.627886341843365031e-02 1.816317087869862706e-02
2.727319611351996631e+00 1.175288186571840754e+00 5.512009540844825528e-02 -2.644953135554423129e-02 1.879950423739551110e-02
3.059922074484159094e+00 1.236302776564694339e+00 5.765331608668619601e-02 -1.807908056119682944e-02 1.931539420903953877e-02
3.459042608321373002e+00 1.109383306349909448e+00 4.778744671406785077e-02 -1.057740145803020594e-02 1.721223480598029626e-02
3.858163142158587355e+00 1.208644721185228699e+00 5.735615436690798263e-02 1.757147946471986424e-02 1.903669450420290149e-02
4.190759550487299201e+00 1.107541712948351353e+00 5.097080682409326630e-02 3.185163221017756757e-02 1.729431366030145800e-02
4.656404209833016061e+00 1.139870087531768439e+00 5.442223452852894966e-02 3.810972207428352937e-02 1.753488200490510573e-02
5.055524743670230414e+00 1.139596515803116272e+00 5.374803861427658591e-02 1.681848747330651206e-02 1.743248875863790542e-02
5.388121151998941372e+00 1.127233744837931706e+00 5.055113220849865446e-02 4.883586191563562412e-02 1.651157115044274773e-02
5.787241685836155725e+00 1.104091659945386272e+00 4.691888478536502399e-02 1.743135727241048108e-02 1.586889656543386332e-02
6.119844148968318187e+00 1.121530878381521878e+00 4.685254976103211261e-02 2.262122720826757055e-02 1.593741873870281253e-02
6.585482753510584431e+00 1.068537757044747849e+00 4.451413775133394868e-02 1.222133495994092572e-02 1.558831160540385952e-02
6.918085216642746005e+00 1.067637335466635085e+00 4.459519877892476059e-02 -5.067321292676241380e-03 1.496108198271505450e-02
7.317205750479961246e+00 1.071659988256601581e+00 4.729344718840369777e-02 -2.446566121807744118e-02 1.581308855031904326e-02
7.782844355022226601e+00 1.076699795554982630e+00 4.869877097219328654e-02 -2.944331349061803105e-02 1.577677838534145838e-02
8.181964888859441842e+00 1.104792148117981210e+00 5.142196329229579976e-02 -5.616231573791771042e-02 1.662850682741325026e-02
8.514567351991603417e+00 1.130976286175119805e+00 5.284796170559080686e-02 -4.989845080052945220e-02 1.743152541041073297e-02
8.847163760320315262e+00 1.165069950588228043e+00 5.458331051100050874e-02 -3.873439290738039942e-02 1.828819815841056101e-02
9.379326490371084901e+00 1.201051606049980069e+00 5.542911574401421237e-02 -2.863242015782603914e-02 1.896406768928075859e-02
9.711928953503246476e+00 1.275241511551220341e+00 6.166500220091600259e-02 -2.660332829683886846e-02 2.084789779921573244e-02
1.004452536183195832e+01 1.191855234138551101e+00 5.587570271425356533e-02 1.014123427681658425e-02 1.926044589207719093e-02
1.037712782496411990e+01 1.182246675879461639e+00 5.699237726695693951e-02 9.322758389929465886e-03 1.869183272523730968e-02
1.077624835880133425e+01 1.141927467063027501e+00 5.437335022881524538e-02 3.068822376643540531e-02 1.781136028337869381e-02
1.110885082193349582e+01 1.171804844285806890e+00 5.739847265720584429e-02 5.770426494736310974e-02 1.805861700843587950e-02
1.157448942647576118e+01 1.104985241129747386e+00 4.993748105949737809e-02 3.505559902126622468e-02 1.626135760864903801e-02
1.190708583480447480e+01 1.159631033130850142e+00 5.218935640830558303e-02 4.559345919989651191e-02 1.711576510019287289e-02
1.230621242344514066e+01 1.122363598825447228e+00 4.736588796675175045e-02 2.399883824145178368e-02 1.599959546347036812e-02
1.270532690247890173e+01 1.118849600686328882e+00 4.644916854899789477e-02 2.524164779515035775e-02 1.543145032791511627e-02
1.303792936561106508e+01 1.109508995339264281e+00 4.727185876468429498e-02 3.826101205117503866e-03 1.583487932102488685e-02
1.350356797015333044e+01 1.064258008390443155e+00 4.548394195855170324e-02 4.558541977733601702e-03 1.501298973415181315e-02
1.376965236258043923e+01 1.083493139591125809e+00 4.897624130460934144e-02 -8.728229415026463392e-03 1.566883731765128171e-02
1.423529096712270814e+01 1.099404371575443129e+00 5.056427371251737135e-02 -1.503366353737493367e-02 1.605741796189210854e-02
1.456789343025486971e+01 1.083070435592960568e+00 4.921046460462466521e-02 -3.097303176003922062e-02 1.639944338178360439e-02
1.503353203479713684e+01 1.132755027459736219e+00 5.108860396145646632e-02 -3.889524373298982457e-02 1.718762679002045282e-02
1.543265256863434942e+01 1.125171900083239418e+00 4.848825517836042459e-02 -2.522267507663552774e-02 1.736449802256552488e-02
1.589829117317661833e+01 1.119279085011153141e+00 4.867432689197952189e-02 -2.136687848672714010e-02 1.751645228199289611e-02
1.616437556560372713e+01 1.191299101049182241e+00 5.648561499738544850e-02 -5.202163012712510831e-03 1.884594416539787931e-02
1.656349004463748997e+01 1.150940690139593769e+00 5.483605581775994470e-02 2.481753112614852944e-02 1.838042728567951256e-02
1.696261057847470610e+01 1.144572298651830300e+00 5.502686288784908175e-02 1.466278529572467154e-03 1.773888760421177616e-02
1.742825523782042296e+01 1.146497875848501380e+00 5.502650765569522262e-02 1.636319924341689616e-02 1.789103165551096664e-02
1.776085164614913126e+01 1.094696194531232569e+00 4.899265821812907873e-02 2.998560879090110542e-02 1.682119047354096314e-02
1.815997217998634738e+01 1.052378875859020235e+00 4.315087677950289052e-02 3.378175772162080037e-02 1.554043032890164641e-02
