0.000000000000000000e+00 -1.741120764064088000e-01 4.231538511765206567e-02 -1.246293824024857555e+00 8.595405694685748221e-02
3.335352923005814318e-01 -1.428862917171508151e+00 3.233353643731958216e-01 -1.890143102473827774e+00 3.578520668673084715e-01
6.670766564966732481e-01 -3.748713575990442415e+00 1.318707210964234378e+00 7.729508426595544934e-01 3.201275037495689979e-01
1.067323864773778830e+00 -8.147553758007877178e-01 1.225324414124480538e-01 1.581615462842802744e+00 1.597574655695190582e-01
1.534276917131899287e+00 -4.000555805381700303e-02 3.300213595112921200e-02 1.140815263154019599e+00 5.505273545246025524e-02
1.867818281327990881e+00 2.325517948604289842e-01 1.496545611391796558e-02 6.728304464901356807e-01 2.025870730459323685e-02
2.334771333686111561e+00 3.133342689439427842e-01 9.254843447643433182e-03 4.297471146171900069e-01 1.011045414289646512e-02
2.735018541963216698e+00 3.671957175467521761e-01 7.064844623332428020e-03 2.871973487013824156e-01 6.181147350344831821e-03
3.135265750240323168e+00 3.889368897072206788e-01 5.811647322807545098e-03 1.817194381844962070e-01 4.115057291794053419e-03
3.535512958517429194e+00 4.026604739438718883e-01 5.376965798131265982e-03 8.592174702821044063e-02 3.274372068208230950e-03
3.869054322713521010e+00 4.061220934175416297e-01 5.150040678046385358e-03 -2.893891789129419273e-02 3.318209412484241991e-03
4.336007375071640801e+00 4.028580095950614059e-01 5.361965998087693010e-03 -1.205619026417804052e-01 4.156024900748680855e-03
4.669548739267732174e+00 3.911039328657144321e-01 5.773098150948390017e-03 -2.283437953208639071e-01 5.684297105011663909e-03
5.003084031568313605e+00 3.563620585165253041e-01 6.599234646842317385e-03 -3.442418803607591449e-01 8.253078993684281189e-03
5.536748999902957991e+00 2.925041475527013213e-01 9.636363642628336182e-03 -5.403355223413904840e-01 1.535238385496917254e-02
5.870290364099050251e+00 1.611160230453066999e-01 1.466193331986821030e-02 -7.216507782952386041e-01 2.721483520459124991e-02
6.270537572376156277e+00 -1.995038006915692552e-01 3.893448124645493280e-02 -1.089347132021232456e+00 6.957284329471272177e-02
6.604072864676737709e+00 -2.096607891664611145e+00 5.028070557647041916e-01 -2.206522699274502841e+00 4.736516886722236808e-01
7.004320072953842846e+00 -4.141677617784225163e+00 1.555735669259951326e+00 8.587895946654680035e-01 3.661083034886383203e-01
7.337861437149935107e+00 -7.990269018674105439e-01 1.261502268888818890e-01 1.438263291075600359e+00 1.532542982617904337e-01
7.738108645427042021e+00 -2.296924289563206933e-02 3.124358157805617528e-02 9.765294769495446170e-01 4.732014639464914713e-02
8.138355853704148046e+00 2.191171708917944438e-01 1.426987363883469931e-02 6.487873115136594260e-01 1.894554817806334487e-02
8.538603061981252296e+00 3.422572348351918814e-01 1.018678587622609717e-02 4.723410783547971059e-01 1.134221279143395739e-02
8.938850270258360098e+00 3.731965173705137362e-01 7.615738143986917376e-03 3.122276713630641742e-01 6.838412394464762380e-03
9.405803322616478113e+00 3.959329224985213003e-01 6.378778990269113117e-03 2.098367049568924947e-01 4.726307760016638937e-03
9.806050530893585915e+00 4.031767426820344613e-01 5.380914839288534167e-03 8.886971721472083918e-02 3.277185035856662425e-03
1.013959189508967640e+01 4.053601533251380840e-01 5.156119520365489220e-03 -2.849863589247127876e-03 3.189520972474191828e-03
1.060654494744779619e+01 4.025922096017785501e-01 5.343281541013740824e-03 -1.013363633252536977e-01 3.945363506155661996e-03
1.094008631164388845e+01 3.818209886305394263e-01 5.452592348904172076e-03 -1.892595988162908971e-01 5.025085498020449848e-03
1.140703936400200824e+01 3.457259777146421409e-01 6.325616930720237042e-03 -3.229774111529541414e-01 7.757614226080783784e-03
1.174057465630258967e+01 3.104853985017309581e-01 8.631987909482326943e-03 -4.802882251434206218e-01 1.291709684018126081e-02
1.207411602049868193e+01 2.070348938745867340e-01 1.361337690791677470e-02 -7.248162298415344873e-01 2.601761144281169655e-02
1.254106907285680172e+01 -3.778475023883620665e-02 2.914102007377758832e-02 -1.090358127959359491e+00 6.151874523934942190e-02
1.294131628113390597e+01 -1.181698775628321485e+00 1.995349575405382936e-01 -1.933601189095036865e+00 2.611022681308937110e-01
1.327485764532999823e+01 -3.278634701232569171e+00 1.014267565718474762e+00 -4.717135667760551931e-01 2.137235510343431233e-01
1.360839900952609050e+01 -2.961980749320834327e+00 9.417073983209474086e-01 3.414283751671440825e+00 9.906259996715212068e-01
1.394193430182667193e+01 -2.181896173912969417e-01 4.800083113375247512e-02 1.356273680584798580e+00 8.238840333360168688e-02
1.440889342608030432e+01 1.737373278767033735e-01 2.076240927196510919e-02 8.618670949154646488e-01 3.183330119776808104e-02
1.474242871838088398e+01 3.230008806955707579e-01 1.139265574750251801e-02 5.227873362563724147e-01 1.343949185590044559e-02
1.520938177073900555e+01 3.792151543405786196e-01 8.422803106178806606e-03 3.670354527645879328e-01 8.150913091907529412e-03
1.560963505091162240e+01 3.848331015412896905e-01 6.080851910356747415e-03 2.045547114263105148e-01 4.517473366250657554e-03
1.594317034321220206e+01 4.074290028345705639e-01 5.697772965768552189e-03 1.126538479277897908e-01 3.491593020245281447e-03
1.634341755148930986e+01 4.061936795041595771e-01 5.266626896357070979e-03 9.876694722078563707e-03 3.159357398917037648e-03
1.667695891568540034e+01 4.129256618283496660e-01 5.337590041162976369e-03 -8.947901043236151930e-02 3.710599723573512927e-03
1.707720612396250459e+01 4.028202488668257142e-01 5.782177929898240330e-03 -2.188708092947887762e-01 5.480372769180470033e-03
1.741074141626308602e+01 3.969479199851737583e-01 7.017234542485453926e-03 -3.306965878182092089e-01 8.059205134352334654e-03
1.787770054051671664e+01 3.413421753737559960e-01 8.876160357246471247e-03 -4.838580581470856568e-01 1.330522519476170368e-02
1.827794774879382089e+01 2.593290075363374747e-01 1.477990409962138055e-02 -7.532285310161995762e-01 2.878505305988020985e-02
