0.000000000000000000e+00 1.013542695909318780e+00 3.912769966103065572e-02 1.459408485661562727e-01 1.033865936033241326e-02
2.661055792492215133e-01 1.014993072444705380e+00 3.853229694530212190e-02 9.270698681775169092e-02 9.485943391558364010e-03
6.652578928374923706e-01 9.723335879431131978e-01 3.526088991822454860e-02 8.123257121762092470e-02 8.688568577302303864e-03
1.130933573595288788e+00 9.555001182132563109e-01 3.365145503243142239e-02 5.350213782190055972e-02 8.090277709306759046e-03
1.463562520014034751e+00 9.413027056387169855e-01 3.200124760583959727e-02 -1.101222328383057690e-02 8.097647564835117398e-03
1.862708778316745306e+00 9.764735163326994094e-01 3.519911653361809667e-02 -4.947342064155380026e-02 9.042318930228929186e-03
2.261861091905016607e+00 9.768468152747147304e-01 3.545777605628672169e-02 -7.954299770496278676e-02 9.636702500835770888e-03
2.594490038323762793e+00 1.025492226933177653e+00 3.923052062001530088e-02 -1.137212801244312371e-01 1.106622684402914364e-02
2.993642351912034094e+00 1.031262516942589080e+00 4.200621903517715028e-02 -1.426494434501239528e-01 1.272014994419912864e-02
3.392794665500304951e+00 1.169421203390346609e+00 5.335911858895688725e-02 -1.372897495137989921e-01 1.451060961693530563e-02
3.725423611919051581e+00 1.211894794196285874e+00 5.822598709700294028e-02 -1.027873459728455563e-01 1.490285603852534169e-02
4.191099292676847554e+00 1.284859463575602101e+00 6.556722268487302774e-02 -5.982599829818936732e-02 1.537655686641782767e-02
4.590251606265118411e+00 1.282854699256747111e+00 6.622518331125365476e-02 -1.049710586023586134e-02 1.500129896756326880e-02
4.922880552683864153e+00 1.310770928040797090e+00 6.646736937699897207e-02 6.722254866550297914e-02 1.453331492790459201e-02
5.322032866272135898e+00 1.143953403222937482e+00 5.157661939628939429e-02 1.025899999076246294e-01 1.249025318862831066e-02
5.854231914199456988e+00 1.100658409742128363e+00 4.698630498679359085e-02 1.411241204876983735e-01 1.202345855434560837e-02
6.186860860618203617e+00 1.069505986730197700e+00 4.353045573959303527e-02 1.160796756727134199e-01 1.072327678207493119e-02
6.586013174206474474e+00 1.056100654783241444e+00 4.106739814013980056e-02 1.291580181887078960e-01 1.025675962984686981e-02
6.918636065339660135e+00 9.998443170356794418e-01 3.668210073878531291e-02 7.271384048675760825e-02 8.938272897020017871e-03
7.317788378927930992e+00 9.529096233527488691e-01 3.305881686321603119e-02 1.688751843799375651e-02 8.002578708598566751e-03
7.650417325346676733e+00 1.003224365157649789e+00 3.641681227336817511e-02 5.869281737156493463e-03 8.672797596181145569e-03
8.182622428559557903e+00 9.479444584218921221e-01 3.285392147222952058e-02 -4.104522842516586389e-02 8.362469698575420579e-03
8.515245319692743564e+00 9.618137943212016205e-01 3.487571046054306623e-02 -8.239943020149372022e-02 9.560226171924417204e-03
8.847874266111491082e+00 1.072644080301989211e+00 4.361999928469944415e-02 -1.145660786960111532e-01 1.208204539201478654e-02
9.313549946869287055e+00 1.054648796946634492e+00 4.286850451055405908e-02 -1.118522255770648816e-01 1.183992394899059143e-02
9.646178893288032796e+00 1.196867348072020665e+00 5.500803009567217100e-02 -1.933343175469965647e-01 1.636585722514697500e-02
1.004533120687630365e+01 1.272461195107996712e+00 6.325822433327063510e-02 -1.287413748318700368e-01 1.622763054376671552e-02
1.051100688763409963e+01 1.199745973355540674e+00 5.794859616901500837e-02 -6.100021732904152560e-02 1.386839034459391024e-02
1.091015920122237048e+01 1.318977997499625410e+00 6.730280000216559699e-02 -2.843172177347901008e-02 1.496433674512159286e-02
1.137583488198016823e+01 1.471333464446599848e+00 8.392343727115347818e-02 8.863378219609979736e-02 1.733820421590021379e-02
1.170846382839891398e+01 1.204041323996734469e+00 5.679172012121057322e-02 1.393703811218034438e-01 1.389365711921255846e-02
1.210761614198718661e+01 1.240497154078441744e+00 5.713164354574308545e-02 1.547997469760299671e-01 1.402161484067798378e-02
1.250676845557545569e+01 1.117902358348014991e+00 4.721129401540453963e-02 1.388444056848263664e-01 1.175843410243219110e-02
1.297244413633325166e+01 1.052405026282880351e+00 4.062506627995431108e-02 1.427894007004587296e-01 1.013226197747635858e-02
1.323854971558247406e+01 9.747563079263276142e-01 3.467899371257726626e-02 8.345084116734864665e-02 8.523614128461162384e-03
1.363770202917074315e+01 9.178859126080389785e-01 3.129780220605585250e-02 5.683142186371372556e-02 7.664344079652081823e-03
1.403684828747345392e+01 9.633638614095517694e-01 3.376664344511875332e-02 7.915037363160151024e-03 8.070626321842201342e-03
1.436947723389220144e+01 9.973638286164991928e-01 3.527647179584542797e-02 -3.260528831082770695e-02 8.654798257594260164e-03
1.476862954748047230e+01 9.663571732176883256e-01 3.477079112800302713e-02 -7.327759503009145803e-02 9.501896554587812432e-03
1.516778186106874315e+01 1.021511994134245649e+00 3.877589435559486430e-02 -1.161336736019030341e-01 1.115439718926471493e-02
1.556693417465701579e+01 1.103963765616038817e+00 4.604610856667542412e-02 -1.463829397830206658e-01 1.318128437391229840e-02
1.583303369862067633e+01 1.133542088580264284e+00 4.999253752908922044e-02 -1.194001190754616498e-01 1.358892537089801539e-02
1.629871543466403239e+01 1.143771165088436570e+00 5.260967639395433548e-02 -1.174461471489109676e-01 1.432883506276802499e-02
1.669786774825230324e+01 1.198426106336712538e+00 5.848203676774424431e-02 -8.833308208554040142e-02 1.481012269298911423e-02
1.716354342901010099e+01 1.376654538272633621e+00 7.423399776298159058e-02 3.821898593262133825e-02 1.595272316255049935e-02
1.756269574259836830e+01 1.214292146767679714e+00 5.823773797162875437e-02 6.095518851391276693e-02 1.346568431202875386e-02
1.789532468901711582e+01 1.198075943832647150e+00 5.638231198473451361e-02 1.009124930704095452e-01 1.347220733572336744e-02
1.829447094731982659e+01 1.187193447744496533e+00 5.404717463448326098e-02 1.347776248282560041e-01 1.321458424452076098e-02
