0.000000000000000000e+00 1.012749381213770450e+00 3.893011081217485209e-02 4.628630082757887593e-02 9.711190585935090130e-03
3.272100356682483557e-01 9.900690375943814736e-01 3.774750597208424707e-02 7.096674192897876876e-02 9.375971944555631932e-03
7.198668438672535252e-01 9.691640502892776565e-01 3.541175488546512151e-02 2.137014538098898700e-02 8.746286106018895737e-03
9.816360637511283294e-01 9.439263987475622342e-01 3.444189564877871840e-02 2.319530067844964918e-02 8.513503390844416249e-03
1.439739644480892089e+00 9.773334229586332356e-01 3.597136791212829365e-02 -8.207017014560369014e-03 8.842034389532037186e-03
1.832396452679897259e+00 9.749375934518861309e-01 3.537778118448482029e-02 4.774309426541726437e-03 8.675367169251985491e-03
2.290494076663275980e+00 1.007921892889148907e+00 3.883863697348773764e-02 -2.081098601351141081e-02 9.695238719362394425e-03
2.617710069077908930e+00 1.017445225048539514e+00 3.945426980526655497e-02 -3.819778851885051452e-02 9.964114645446942031e-03
3.010366877276914099e+00 1.042685555467506298e+00 4.221965120037003694e-02 -3.605643040225803286e-02 1.060207045151080087e-02
3.403023685475919713e+00 9.793548757509833447e-01 3.776470819789789352e-02 -3.763330070164274538e-02 1.000852004576226542e-02
3.795680493674925327e+00 9.931767794488439716e-01 3.930854748371032104e-02 -2.063278172680326969e-02 1.015028133545040935e-02
4.122890529343173682e+00 1.031175723070362871e+00 4.209916208989077091e-02 -1.971970722903364920e-02 1.077509029360831407e-02
4.580994110072936110e+00 1.035327391677852260e+00 4.207072209762428155e-02 2.942588671818914883e-02 1.064317685839431468e-02
4.908204145741184909e+00 1.017990733501690448e+00 4.086744895203434091e-02 1.163798298519178216e-02 1.072233552170706074e-02
5.300860953940190079e+00 1.049469294380118711e+00 4.187050972222180339e-02 -8.669875083126070761e-03 1.064725934325175608e-02
5.693517762139196137e+00 1.050896859686107465e+00 4.185788533170321096e-02 4.902007372319108075e-02 1.053727609627615365e-02
6.086174570338201306e+00 9.688959617968430083e-01 3.553836250170747807e-02 2.774307069047434945e-02 9.085014522953663643e-03
6.544272194321580471e+00 9.444978765221992978e-01 3.465974255647101543e-02 2.598887974779564430e-02 8.933331318661323975e-03
6.936929002520585641e+00 1.040571610578546302e+00 4.097399200228605404e-02 3.133842113528845230e-02 9.909674413091934184e-03
7.329585810719590810e+00 9.374268322176331214e-01 3.360567345564448999e-02 1.608418905826088097e-02 8.351246319850184202e-03
7.722242618918596868e+00 9.799802042906513577e-01 3.666243295344050884e-02 -8.852443531948886836e-04 9.251040588059249170e-03
8.114899427117602926e+00 9.736304553239505388e-01 3.648468587924229983e-02 -1.170922421379296148e-02 9.255192267350057650e-03
8.507556235316606319e+00 9.780586078100909075e-01 3.678710743208289669e-02 -1.640010690303621288e-02 8.941770667273328532e-03
8.965659816046370523e+00 1.012028163160852090e+00 3.939294567794236063e-02 -4.465588502382281111e-02 1.015003375479388813e-02
9.292869851714618434e+00 9.454519196836679296e-01 3.590143674451989897e-02 -3.684863617145932996e-02 9.487397079683265039e-03
9.685526659913625380e+00 9.673664326825026638e-01 3.754157047322091711e-02 -3.826837477887031630e-02 9.925160273519195719e-03
1.007818346811263055e+01 1.111489452788166910e+00 4.703876263146605785e-02 -1.297690789039816772e-03 1.143779117695108323e-02
1.053628109209600794e+01 1.020467588535118431e+00 4.176240461402006693e-02 -6.271425282984985014e-03 1.071883573229492209e-02
1.086349708451064089e+01 1.074176883131103377e+00 4.478135066986323881e-02 -2.351588856229946262e-02 1.146697944976491843e-02
1.119071307692527384e+01 1.068442454392243057e+00 4.406546840333222526e-02 -8.739616464514533140e-03 1.123794514931447837e-02
1.164881070090865123e+01 9.527517182577827093e-01 3.554540897865737098e-02 2.348920737373976289e-02 9.191843879767729042e-03
1.210690832489203039e+01 1.011974981513709571e+00 3.913647209650782111e-02 3.538992508732970166e-02 9.982758123481722673e-03
1.236868350152229112e+01 1.006587828423795017e+00 3.919287592356055644e-02 4.744778959829218379e-02 9.912833028475774924e-03
1.276134030972129629e+01 1.002651815363828636e+00 3.856425430451106140e-02 5.314029039388880327e-02 9.679955390950373273e-03
1.315399116117391642e+01 1.042706275072686317e+00 3.997456707330628023e-02 -8.494525497847949663e-03 9.970916532010737354e-03
1.348120715358854937e+01 9.625814586925135474e-01 3.518874133975671142e-02 8.072771613004811261e-03 8.849934609579813982e-03
1.387386396178755454e+01 9.693013316231873233e-01 3.543332920737357616e-02 4.606429255571735208e-03 8.729079866583984090e-03
1.433196158577093371e+01 9.485235777662212042e-01 3.427533295753604214e-02 7.675447193978981487e-03 8.534644806445258747e-03
1.472461839396993888e+01 9.769995297559566083e-01 3.778663765387951790e-02 -1.500571132795122664e-02 9.355868139960657470e-03
1.498639357060019961e+01 9.917400337856376868e-01 3.838164490142985386e-02 -2.224731406301707140e-02 9.730204835618412249e-03
1.537905037879920656e+01 1.012627194385100182e+00 3.982676131240073247e-02 -4.834282453654950573e-02 1.022317682299935145e-02
1.577170718699821172e+01 9.852789176137185523e-01 3.790539438309898507e-02 -7.235026584104443936e-02 1.031474104856540050e-02
1.622980481098159089e+01 1.068384235900450285e+00 4.389300493709012707e-02 -2.485554672870544934e-02 1.083585162013200182e-02
1.655702080339622384e+01 9.927793310046694186e-01 3.914691740211866111e-02 -2.799832052283704117e-02 1.024883244345933114e-02
1.694967761159522723e+01 1.072860526754256361e+00 4.493765241008084582e-02 -1.881124788188697763e-03 1.128175365419771883e-02
1.727688764726347515e+01 1.138249498770918855e+00 5.010659468115088999e-02 -5.573046082845594870e-03 1.242048966802988472e-02
1.773498527124685253e+01 1.058192677878217136e+00 4.257391256418931180e-02 4.016506567546307416e-02 1.063240768551826539e-02
1.812764207944585948e+01 1.072353937569938465e+00 4.349969596858204585e-02 2.809691703080531566e-02 1.094066963726742642e-02
