0.000000000000000000e+00 1.172340774783657835e-01 2.470483215014778605e-02 8.587296370303426629e-01 3.418982897433572865e-02
3.350127628028989335e-01 2.778090456355856164e-01 1.633754156771127092e-02 7.625800439480178161e-01 2.151369010389090133e-02
6.700194269244685863e-01 3.567610867523327567e-01 9.819357600824502041e-03 4.577682429583908585e-01 9.111794837638909073e-03
1.072032302815415505e+00 3.965330950120491416e-01 7.779987075706564642e-03 3.229303145961255894e-01 5.634658104674832024e-03
1.474045178706362647e+00 4.210565944121859028e-01 6.430995479781364058e-03 1.951666876448466537e-01 3.540686247851839233e-03
1.876058054597310010e+00 4.225172526617040902e-01 5.453154325312859971e-03 9.273884409886387625e-02 2.456007865161023186e-03
2.211070817400209165e+00 4.194712010275969960e-01 5.205728472518345376e-03 -1.548719447314813973e-02 2.478424786752081790e-03
2.814090131236629766e+00 4.089286717080941047e-01 5.166260943286760977e-03 -9.833127790951580460e-02 3.004242495765826245e-03
3.149096795358198531e+00 3.946813991463812288e-01 5.632457642665528001e-03 -1.993319782420995834e-01 4.265762796144324277e-03
3.417109445073050367e+00 3.952517829554738071e-01 6.998431581986591134e-03 -3.464122398604535524e-01 7.158665325230123902e-03
3.819122320963997286e+00 3.425714634313087315e-01 9.629238308691660808e-03 -5.258132474397384515e-01 1.276840113052137363e-02
4.154128985085566939e+00 2.646790051326706195e-01 1.464025214150793675e-02 -7.495604013068595251e-01 2.365717549283626389e-02
4.556141860976514302e+00 2.950125657618674069e-02 3.160785381566558194e-02 -1.164274350839076044e+00 6.317324448418872029e-02
5.025154849955508318e+00 -1.318056048627481047e+00 2.704300012166936940e-01 -2.292187733774620373e+00 3.704709298574461740e-01
5.360167612758408140e+00 -5.477259539674427913e+00 2.993184912785875174e+00 7.670822109626534990e-01 4.411113084933269701e-01
5.829180601737403045e+00 -8.398694170981464424e-01 1.460447439540073222e-01 1.597090989296046315e+00 1.831780161636220872e-01
6.164193364540301978e+00 -7.817541793787796678e-03 3.565983711367556180e-02 1.269711149277807705e+00 6.279650575347034414e-02
6.633206353519297771e+00 2.765388594303943570e-01 1.873351662848805541e-02 8.703712125471886329e-01 2.587750890711728105e-02
7.035219229410244246e+00 3.658215876034869307e-01 1.032496635797979651e-02 4.933753579785624677e-01 9.899816892268459290e-03
7.303231879125095638e+00 3.935910463429155293e-01 7.572894596782163770e-03 3.072476466915681770e-01 5.294383410341500090e-03
7.772244868104089655e+00 3.995339312409577071e-01 5.769356554176845696e-03 1.879667748103343861e-01 3.142758719347419575e-03
8.174257743995038794e+00 4.161710031726372216e-01 5.334357397195532181e-03 9.612251366567925448e-02 2.302160700253808208e-03
8.509270506797937728e+00 4.201461098010941253e-01 5.137673122162484708e-03 -9.436332195691787827e-03 2.370673705425870720e-03
8.978283495776931744e+00 4.249709607353707730e-01 5.523924987366288925e-03 -1.161502235845254805e-01 3.253550613336974543e-03
9.380296371667878219e+00 4.133451528181072421e-01 5.790579216113755923e-03 -2.345794591410403362e-01 4.774722442518144865e-03
9.782309247558826470e+00 4.147635966548501862e-01 7.325168716590995700e-03 -3.629210475139770797e-01 7.556576790640409658e-03
1.011731591168039479e+01 3.542812286947509270e-01 9.643621103112840973e-03 -5.358684643161287786e-01 1.300552460167230320e-02
1.051932878757134304e+01 2.566077813247525929e-01 1.644443960614537861e-02 -7.899764198089904710e-01 2.749278631540957862e-02
1.092134166346228952e+01 -1.723304841027195611e-01 4.311038291229044722e-02 -1.206834931890962359e+00 7.444644879784653724e-02
1.132335453935323599e+01 -1.430991741055033906e+00 2.957807025791480693e-01 -1.534211376262972104e+00 2.587358796802367578e-01
1.179237362701356062e+01 -8.743666186612021107e+00 6.856116701812728920e+00 4.483914733073365966e+00 3.418513351628964081e+00
1.219438650290450887e+01 -5.907483654209064738e-01 1.206101672876371406e-01 2.159849019142723758e+00 2.377194497309027543e-01
1.246239305393802965e+01 8.997502485159325492e-02 2.365622695049351965e-02 9.150168773631974783e-01 3.430289741404557446e-02
1.293140604291702367e+01 2.816826944453668657e-01 1.308474474646323209e-02 6.105193719743405856e-01 1.475026110972192488e-02
1.333341891880797192e+01 3.437006848232991851e-01 8.290987301498861997e-03 3.890262892527545646e-01 7.076161205115412585e-03
1.373543179469892017e+01 3.822006647267505164e-01 6.437144438999578555e-03 2.584025432668363709e-01 4.175861557240440752e-03
1.407044455750181911e+01 4.032406012270515760e-01 5.676043966682431559e-03 1.580458271680597326e-01 2.932504010571601160e-03
1.453945754648081312e+01 4.157599587788199935e-01 5.321422817720835620e-03 6.988903666483767263e-02 2.410107299853863835e-03
1.487447030928371206e+01 4.271491560828104550e-01 5.317728648514668914e-03 -3.759842879611972194e-02 2.728282260667264092e-03
1.527648318517465853e+01 4.256946221548165710e-01 5.588014750438933739e-03 -1.421762125843661073e-01 3.642733499122261312e-03
1.574549617415365432e+01 3.985131475531495937e-01 5.927412951766456405e-03 -2.480225265594718231e-01 5.063032233500339152e-03
1.614750905004460080e+01 3.670515288577419488e-01 6.882720413236855482e-03 -3.618223225836428858e-01 7.406584916172533582e-03
1.648252181284749796e+01 2.913417246013153550e-01 9.336694558773958943e-03 -4.995932690271054910e-01 1.196597750618599507e-02
1.695153480182649730e+01 1.538941552536844393e-01 1.503292116387663913e-02 -6.835992334719670493e-01 2.217146552423477149e-02
1.735354767771744378e+01 -1.973574505762749620e-01 4.345720301514010425e-02 -1.163884978353604271e+00 7.104924042213746349e-02
1.768855434183901210e+01 -2.344185450620449807e+00 6.427197431066249411e-01 -3.166333640509669145e+00 7.646941616474429715e-01
1.809056721772995857e+01 -2.303987840160212741e+00 6.700148733142169410e-01 4.882732146288509822e-01 1.525470717106530982e-01
1.855958630539028675e+01 -3.528944867728336376e-01 7.539078046725318505e-02 1.118300177650304539e+00 9.534029237000209156e-02
