0.000000000000000000e+00 9.432713766188802751e-01 4.059728279050178051e-02 -2.616676824585308786e-02 1.686480906823620632e-02
4.239289713901586154e-01 8.784350704471439730e-01 3.595456142839945773e-02 -5.233588335417398672e-03 1.541562863420899501e-02
9.185106276265253555e-01 9.351243658819105020e-01 4.065207258816352920e-02 -1.787822676205623809e-02 1.674867783256012502e-02
1.342439599016684193e+00 9.507301434507298143e-01 4.326437179580741588e-02 4.299496871001170367e-02 1.765197407742670477e-02
1.695709454404178640e+00 8.791312110862452567e-01 3.715593660809692750e-02 -1.672136735908530750e-02 1.558678370421629975e-02
2.119638425794337255e+00 9.332047873767270740e-01 4.103112843267466003e-02 -2.670359046914251924e-02 1.603773272874183323e-02
2.402262027492082286e+00 1.005570694039924939e+00 4.830310189743209498e-02 -6.861322250084667812e-03 1.701154738887082976e-02
2.755531882879576511e+00 8.807920614490407640e-01 3.697388748894250149e-02 -1.097355465191128532e-02 1.394548560221582807e-02
3.250119970272400849e+00 9.860207271284534558e-01 4.731295287991446608e-02 1.133594312903626541e-02 1.718960951507373866e-02
3.603389825659895518e+00 9.372463749621182671e-01 4.228539654286139760e-02 -1.932523155831363318e-02 1.687432182456836960e-02
4.097977913052719856e+00 9.808419164878227070e-01 4.374997856178381578e-02 -3.635499914808534849e-04 1.703634588549479689e-02
4.521906884442878471e+00 1.058807722775791493e+00 4.910646834603887845e-02 -3.097039120247806546e-02 1.913515451211587198e-02
4.875176739830372696e+00 8.787710029216692087e-01 3.532593204629345257e-02 -3.769786236796759948e-03 1.540420142987402978e-02
5.299105711220531312e+00 9.948968911096873757e-01 4.473086962948510242e-02 -4.822741738325970855e-03 1.789389385283869996e-02
5.723034682610690815e+00 1.025782947774943610e+00 4.676962921781089438e-02 -3.608124040855492914e-03 1.790821682400148968e-02
6.146963654000850319e+00 9.093827030901022734e-01 3.935962827869474850e-02 2.036050382387825236e-02 1.662993551145841228e-02
6.570892625391008934e+00 1.017981753383594645e+00 4.618249298881356435e-02 -4.704304456027860043e-02 1.826048284471195118e-02
7.136133397630040065e+00 9.780296642865422552e-01 4.279174711049988505e-02 -2.416702771920225395e-02 1.683524343015343691e-02
7.489403253017534290e+00 9.978405005190622568e-01 4.435948246621503749e-02 2.537288800781277096e-02 1.686413351739654912e-02
7.842679539561486557e+00 1.002528703647004305e+00 4.447897486255061178e-02 -1.840610644614201763e-02 1.630932195377992125e-02
8.478572996646725812e+00 9.868022435133885217e-01 4.737378542438525769e-02 1.212040228957656385e-03 1.732315931654157884e-02
8.761190167188011912e+00 1.100136910211400032e+00 5.756505769176741005e-02 1.383369426193350668e-02 1.852615197487010590e-02
9.114466453731964179e+00 9.530409390135295977e-01 4.315535984479548781e-02 3.417341001385335725e-02 1.540753957867670859e-02
9.679700794814538156e+00 9.882933055961338198e-01 4.741011476393781204e-02 4.756720764295115783e-02 1.729162832421670890e-02
1.003297708135848865e+01 1.018733468794112529e+00 4.774789011480402856e-02 8.099547155887584435e-03 1.734053589677669871e-02
1.045690605274864993e+01 9.489975886091085444e-01 4.073597727994701656e-02 1.586377005569542323e-02 1.609217612154154042e-02
1.088083502413880765e+01 9.049162340897186629e-01 3.618367235269422805e-02 -5.356357410523608642e-02 1.553591994214034884e-02
1.130476399552896716e+01 8.668552065816182983e-01 3.356373502501740214e-02 8.657604952238062007e-03 1.457263727011569657e-02
1.179934565176533390e+01 1.009386196181581985e+00 4.463858925318804627e-02 -3.987985742109045537e-03 1.760520173121300769e-02
1.222327462315549162e+01 1.065609936631051857e+00 4.918670255309207789e-02 -1.390341661439821810e-02 1.837946704638957970e-02
1.250589822485323666e+01 1.130353770490910570e+00 5.837595602974143122e-02 -6.129352569465228856e-02 2.186502851816429088e-02
1.292982719624339794e+01 9.765715363349702915e-01 4.277412113737587979e-02 -6.205535970541426610e-02 1.740697018115229186e-02
1.335375616763355566e+01 1.030187093159765643e+00 4.671897883746020663e-02 -1.328325322235872699e-02 1.764214473381133658e-02
1.377768513902371517e+01 9.734968757136645001e-01 4.297749900574690529e-02 5.822064536488101572e-02 1.685544998689289878e-02
1.420160767925741752e+01 1.007417980888281051e+00 4.753529261227516789e-02 5.066329109868215191e-02 1.773640287647753819e-02
1.462554308180403240e+01 9.837572355150315806e-01 4.756440084270706359e-02 1.987667336987884031e-02 1.794781449031351492e-02
1.497881293719152751e+01 1.042166744542875501e+00 5.153169742166534284e-02 1.786471022821550791e-02 1.727687312739726103e-02
1.540274190858168701e+01 8.896586285862606580e-01 3.755724141281339273e-02 1.987868167810634759e-02 1.384139785765916945e-02
1.575601819512563750e+01 1.025869098965918269e+00 4.813817673688013110e-02 5.119980200302222395e-02 1.613068823460456908e-02
1.610928805051313262e+01 9.176613883960980100e-01 3.974597245428188735e-02 6.536311276815906512e-02 1.566942357502569202e-02
1.660387613790595651e+01 9.829901187715959221e-01 4.592576455986684125e-02 6.533708798437617982e-02 1.682532157813102294e-02
1.702780510929611779e+01 9.236780462523128676e-01 4.050521825902669154e-02 -2.281777152787027238e-02 1.614756094530471128e-02
1.752238676553248098e+01 9.140201577298583402e-01 3.777427121563211448e-02 6.298582518150121386e-03 1.518725347429376871e-02
1.794631573692264226e+01 8.639061308745483725e-01 3.308246251638170127e-02 -1.937129988457964719e-02 1.431560641908345179e-02
1.829959202346659453e+01 8.768106519674114807e-01 3.370118507332126034e-02 7.157782524864001773e-03 1.503526395582056689e-02
1.872352099485675225e+01 8.948824620899591409e-01 3.762161217103802968e-02 9.670478994550063545e-03 1.746781790832911338e-02
1.914744353509045283e+01 9.589985528567277484e-01 4.107475922547945690e-02 -2.660783789848369593e-02 1.744969776638390091e-02
1.957137893763706771e+01 9.623521140977087107e-01 4.278766582471221075e-02 -6.345423043210968173e-02 1.796900657708216942e-02
