0.000000000000000000e+00 6.296213043865379611e-01 5.775956000192687678e-02 1.372902561695013679e+00 1.016877577856682008e-01
3.367372774625523313e-01 4.989320540717258057e-01 2.413242489064621257e-02 7.387116789534191597e-01 2.826187284289702339e-02
6.734684248501494608e-01 5.346198333593071839e-01 1.672147656510144034e-02 4.993259220698733070e-01 1.440645791749846361e-02
1.077550705775229822e+00 5.199098235202013196e-01 1.180033994321980778e-02 3.149734221460804284e-01 7.528664612979071163e-03
1.481632986700310184e+00 5.141145947239457170e-01 9.638593319816807573e-03 1.917349294507405266e-01 4.705503383445079277e-03
1.751025260700334485e+00 4.924312089200082454e-01 8.142375566072883319e-03 7.971806380455094543e-02 3.383773414198742654e-03
2.155101411550459645e+00 5.042089500884040509e-01 8.174202045856801199e-03 -8.962394697046158903e-03 3.496831320090842445e-03
2.559183692475541338e+00 5.030703782648491273e-01 8.320956703845387367e-03 -1.251989135745615878e-01 4.619674500268924205e-03
2.963265973400621700e+00 5.111226776575767961e-01 9.367106005246463030e-03 -2.513527626259536851e-01 6.881199007136781787e-03
3.367348254325701618e+00 5.008662172622220243e-01 1.120895490920467523e-02 -3.920063207459434373e-01 1.070885452000831968e-02
3.704085531788253949e+00 5.140620552258731157e-01 1.560565729456141366e-02 -5.426882968449647793e-01 1.722956201594029457e-02
4.108167812713335643e+00 5.365321754825940204e-01 2.967491336390021273e-02 -9.223231048134629129e-01 4.344394858975437340e-02
4.512250093638416004e+00 8.264867875958348264e-01 1.560379810046421678e-01 -3.045948800739402884e+00 4.990631668664262111e-01
4.848981241026013578e+00 4.045043502269312086e-01 3.188226063899841090e-01 3.707786341933661856e+00 1.375548307286988958e+00
5.320414655488577615e+00 2.008676039689234472e-01 3.188492514244103404e-01 -1.048621881626977004e+00 4.199170295431630118e-01
5.724496936413657977e+00 5.507701053718427886e-01 1.784045398919658632e-01 2.768077400091046414e+00 6.055658719694873016e-01
6.061228083801255551e+00 5.310267599122535653e-01 4.960607647730868458e-02 1.370439699727437288e+00 9.263141995549671603e-02
6.532661498263819588e+00 5.041746604067482984e-01 2.432965635257748963e-02 7.583510103976204286e-01 2.915901533971803836e-02
6.869392645651416274e+00 4.858183191277494206e-01 1.456077809649727363e-02 4.543694725963350889e-01 1.225491742256830212e-02
7.273474926576497523e+00 5.086589967071490914e-01 1.153830740614178625e-02 3.129154514717981117e-01 7.400473342962586576e-03
7.744908341039062449e+00 5.009053850708760081e-01 8.902966940279331831e-03 1.732622717215291930e-01 4.216424714567781548e-03
8.148990621964143699e+00 5.078167749074941062e-01 8.412682628247920152e-03 7.756330620397841602e-02 3.435396432379607227e-03
8.553072902889223172e+00 5.054050373036702570e-01 8.123983758649864703e-03 -2.996919469010755899e-02 3.646069611513552515e-03
8.822459046814291383e+00 4.997182138539789653e-01 8.218990215973507110e-03 -1.285834313892700309e-01 4.612805514331625237e-03
9.293886331201901996e+00 5.068251038042203005e-01 9.411299206279174004e-03 -2.619855293513064232e-01 7.144737446053624555e-03
9.630623608664453883e+00 5.095902789413790934e-01 1.163500940314646584e-02 -3.871779249582693594e-01 1.080883268829417425e-02
1.003470588958953336e+01 4.966301369712585179e-01 1.622843689314166712e-02 -5.806256242985261551e-01 1.893141978331435923e-02
1.043878817051461638e+01 5.344516115487072394e-01 3.045813793497225211e-02 -9.779790691283393178e-01 4.716025512772708400e-02
1.097756045836475103e+01 4.123341351061897697e-01 7.852522354997687470e-02 -1.775050640678116798e+00 1.916026244573102721e-01
1.124695273236477533e+01 -6.984116695952025111e-01 4.462741731622429597e+00 2.429197633633309650e+01 8.565842316533002077e+01
1.178572502021491353e+01 2.568942514236081109e-01 2.531915441181874504e-01 -9.971791749880972722e-01 3.166730969040065236e-01
1.205511729421493783e+01 6.263973274355834064e-01 2.839152538664535541e-01 4.508161272738671066e+00 1.467231604652227128e+00
1.245919957514001908e+01 4.927915058951035654e-01 4.154871229089128482e-02 1.075683315878983137e+00 6.438559696807880095e-02
1.286328185606510033e+01 4.677760235121835031e-01 1.946737445721294368e-02 6.028670904499459082e-01 2.010232583124261022e-02
1.320001300345269613e+01 5.008701230150554018e-01 1.496559066082963838e-02 4.761294126814933914e-01 1.282452938195707999e-02
1.360409528437777560e+01 5.044935599497617496e-01 1.121285134706113094e-02 3.124099236320859174e-01 7.160192290372384243e-03
1.400817756530285685e+01 5.018300160385775754e-01 9.214412179648683032e-03 1.625276617441541172e-01 4.279333861292965516e-03
1.434491484276541051e+01 5.030571448319981487e-01 8.410498857056169716e-03 6.376261757037632316e-02 3.527026075868624263e-03
1.488368713061554693e+01 4.997707484420534363e-01 7.874000004271766023e-03 -3.148770039205008725e-02 3.511612247260116788e-03
1.522042440807809882e+01 5.018604276190926639e-01 8.175411568350443581e-03 -1.362628475298068853e-01 4.650565610478095760e-03
1.562450668900318007e+01 5.101681532662821761e-01 9.837212641515519218e-03 -2.667687966283187051e-01 7.434620476012363498e-03
1.602858896992826132e+01 4.714633031850812839e-01 1.093611664722614514e-02 -3.663009088872791752e-01 1.022086573531135953e-02
1.636532624739081498e+01 5.114428867280799151e-01 1.708888906731147184e-02 -6.119255168230738340e-01 2.041770507565511539e-02
1.683675353177842382e+01 5.307932223773363933e-01 3.233913027310044569e-02 -1.033326170331135607e+00 5.212389533564376620e-02
1.717349080924097393e+01 5.674444511133396318e-01 9.788435736556538869e-02 -2.119256763450635628e+00 2.639859012742746813e-01
1.751022195662857328e+01 3.926135374562456093e-01 4.107199453272548095e-01 -4.784918568943298034e+00 2.429601884764118758e+00
1.791430423755365098e+01 8.375066230138834555e-01 7.023286974718045972e-01 -1.602274155540689415e+00 1.139825528424594836e+00
1.831838651847873223e+01 4.664717897218348952e-01 1.838647023442655237e-01 3.019759411216702993e+00 7.002099617096914086e-01
