0.000000000000000000e+00 -5.098232485053699747e-02 2.943369982203164828e-02 -9.028689059263715899e-01 4.563005847629289513e-02
4.663868611886128335e-01 -7.007556133644246010e-01 9.847386894316846606e-02 -9.174585341105896408e-01 9.317943179859275449e-02
7.328927726487930450e-01 -3.068215757649158881e+00 8.014468507327654478e-01 6.018960856887450167e-02 1.608597306274287819e-01
1.199285698370606390e+00 -6.875635842005212162e-01 1.072927718976548206e-01 1.250720679990657391e+00 1.249557436071931787e-01
1.599047597827474521e+00 5.159487772241155845e-02 2.723220927573103203e-02 9.082676853462138267e-01 4.221856013322573126e-02
1.998809497284343539e+00 2.462188765918456590e-01 1.385044466660776893e-02 6.040603610162493808e-01 1.766644996909268878e-02
2.265315408744522863e+00 3.163239803493200775e-01 1.008535236012699822e-02 4.678201823588416519e-01 1.104102638117595257e-02
2.665077308201392103e+00 3.608713674972215957e-01 7.366581389446092212e-03 2.922004325271586600e-01 6.131098052506993301e-03
3.064839207658260456e+00 3.868660353976648425e-01 5.989412367290531704e-03 1.605402357895135135e-01 3.833447896925695417e-03
3.464601107115129253e+00 3.965540807824087799e-01 5.326990892060298223e-03 6.293343595932741896e-02 3.040050899485288206e-03
3.930987968303742974e+00 4.065899135276004883e-01 5.048278182383594999e-03 -3.534614457492603334e-02 3.080403496351049458e-03
4.330749867760611771e+00 4.073186682395649183e-01 5.318525415586822930e-03 -1.353683540907052174e-01 4.169322598140508956e-03
4.730511767217479679e+00 3.995421096078638490e-01 6.114865307048941538e-03 -2.615050194213930368e-01 6.398058592460786898e-03
5.196904692939293469e+00 3.621697301351549658e-01 7.200677804056817601e-03 -3.784594070842641766e-01 9.354548751088785641e-03
5.463410604399473236e+00 3.369328669523121156e-01 1.172368785832736404e-02 -6.076871365484162180e-01 1.829548577999711573e-02
5.863172503856342033e+00 1.767945472904995929e-01 2.023269910005895053e-02 -8.612802009488046417e-01 3.527621755042951307e-02
6.329559365044955754e+00 -4.306631891538654777e-01 7.443915102888462587e-02 -1.438510848994515312e+00 1.192843217691771096e-01
6.662696302770079626e+00 -1.749879815396729654e+00 3.230804578945311589e-01 -1.006362967716574630e+00 1.841729339594840864e-01
7.129083163958692460e+00 -8.579697375968833306e-01 1.170489389288811299e-01 8.118676517564459294e-01 8.884039131353828334e-02
7.462220101683818108e+00 -1.860749885486399080e-01 4.026131219043087295e-02 9.707282511685755289e-01 5.590034336217521854e-02
8.061862950869119970e+00 1.504838558255059411e-01 1.880872192539067081e-02 7.737515232343622484e-01 2.758090228419326703e-02
8.394993824061044663e+00 2.673575973597343003e-01 1.138043034630497295e-02 5.183916753975318370e-01 1.337859143973849953e-02
8.861386749782857564e+00 3.577576438554407323e-01 8.355181899292480480e-03 3.450335734952694189e-01 7.572938043340251071e-03
9.194517622974782256e+00 3.834334294932202347e-01 6.606490782671843587e-03 2.192954116062506009e-01 4.709502995809086191e-03
9.660904484163395978e+00 4.007588640950955350e-01 5.640308396293077474e-03 1.168325691987417980e-01 3.298593222045099159e-03
1.006067244815346484e+01 4.050701142113721231e-01 5.218390949668567577e-03 1.097310043913060293e-02 3.000571321622884195e-03
1.046042828307713357e+01 4.005071086702137184e-01 5.164525362159998710e-03 -8.568757056965757568e-02 3.651543835138579101e-03
1.092682120879894647e+01 3.962024049662565273e-01 5.546446896277684897e-03 -1.814384344415419514e-01 4.954657807709861132e-03
1.125995208199087116e+01 3.808266956016386207e-01 6.348635290401266444e-03 -3.041314299742150506e-01 7.333284519174686558e-03
1.165971398144774085e+01 3.486827152654787265e-01 8.797592456422038965e-03 -4.823825748919157164e-01 1.273452770979311387e-02
1.199285091917286294e+01 2.650345025155410594e-01 1.417050210317973187e-02 -7.263120646548142378e-01 2.417224321964159262e-02
1.239261281862973263e+01 4.030436370002576929e-02 2.574619645362736034e-02 -9.211226435421500103e-01 4.325043132898230558e-02
1.285899967981834635e+01 -7.934712142223179221e-01 1.144479421155890769e-01 -1.258704414666907523e+00 1.279397562598421911e-01
1.325876157927521426e+01 -3.341754411982883255e+00 9.456163971477943297e-01 2.919411552261182430e-01 1.930564134821810551e-01
1.359189851700033813e+01 -9.840634751512848943e-01 1.592290852502104004e-01 1.641074849790299828e+00 1.929598676569096727e-01
1.399166041645720604e+01 -3.437384458334524773e-02 3.072587278807480463e-02 9.361207334705871075e-01 4.612779420018046223e-02
1.439142231591407572e+01 2.059517001041895057e-01 1.379567169218559944e-02 5.346332598914738110e-01 1.649404257824116024e-02
1.485780917710269122e+01 3.230339619916621219e-01 9.874054712093594324e-03 4.391398247950725198e-01 1.039797131467245887e-02
1.525757107655955913e+01 3.720118648479420198e-01 7.610708792119420286e-03 3.309110552824061080e-01 6.606359558677325772e-03
1.559070801428468300e+01 3.860685438437317929e-01 6.299216979722075879e-03 2.203313923650829231e-01 4.460277172929186067e-03
1.599046991374155446e+01 4.202028322146906802e-01 6.370821514478622501e-03 1.284679026133486446e-01 3.799319262832487332e-03
1.639023181319842237e+01 4.161238278221990328e-01 5.636557349636245676e-03 3.490206952997211565e-02 3.232229025303277794e-03
1.685661867438703609e+01 3.982595775818231210e-01 5.143449234273296533e-03 -4.840179841070029604e-02 3.417707197401112246e-03
1.732300553557564626e+01 3.754709081748138777e-01 5.145041924761707686e-03 -1.401352642536366766e-01 4.378237812561251024e-03
1.772276743503251595e+01 3.379778783936896458e-01 5.582848634515504005e-03 -2.125221748196857718e-01 5.797030444865796869e-03
1.805590437275763804e+01 2.980734902621613447e-01 6.601413168519789688e-03 -3.303140825446507223e-01 8.460262379834899288e-03
1.845566627221450773e+01 2.232735944638819525e-01 8.355961138861429591e-03 -4.721502917548736078e-01 1.261802956646468007e-02
1.885542817167137741e+01 9.402849094012111220e-02 1.368699113148713967e-02 -6.454801689224171080e-01 2.139766352061774762e-02
