0.000000000000000000e+00 -5.337876836561639138e-02 2.887322801854643253e-02 -9.379595942291476529e-01 4.207152573431297699e-02
4.009187366348383463e-01 -1.211952382611028334e+00 1.885419733202636228e-01 -1.534239568046076752e+00 1.811957085180243288e-01
8.018374732696775808e-01 -2.099070369145376702e+00 3.692254346372798590e-01 5.462592595207784729e-01 1.020687308709962854e-01
1.135938447826323028e+00 -6.138298339410739324e-01 7.846744118386154987e-02 1.146453580221018509e+00 8.166297369245635596e-02
1.603674946539354940e+00 8.025146359163626286e-03 2.433406379183057633e-02 8.413299083194308858e-01 3.093157778496878271e-02
2.004593683174193952e+00 2.098217813937603982e-01 1.270929775789265276e-02 5.700612274416203551e-01 1.388027535973640307e-02
2.338694657730839399e+00 3.085172505606188498e-01 8.693520933965618105e-03 3.964809599229935921e-01 7.607756825705102623e-03
2.739613394365677745e+00 3.531235022082742092e-01 6.737771833181138703e-03 2.662377936796399003e-01 4.628312148375546102e-03
3.140532131000516536e+00 3.786630478210282202e-01 5.644874569600921363e-03 1.601315381881097677e-01 3.092272834963440478e-03
3.541450867635355326e+00 4.033314209533138683e-01 5.365121186627904576e-03 6.857955242878127633e-02 2.616294166010420166e-03
4.009187366348387016e+00 4.050826004543937597e-01 5.149009239164253904e-03 -2.914914531588868457e-02 2.777931620963046151e-03
4.343288340905032463e+00 3.996575332501027256e-01 5.283766175996781021e-03 -1.269240416963623996e-01 3.662995457068628224e-03
4.811024839618064597e+00 3.792355153836168280e-01 5.617385000484879411e-03 -2.331954694080622115e-01 5.171725895115072621e-03
5.211943576252902943e+00 3.400890253092845872e-01 6.499399282121935510e-03 -3.348012129992469221e-01 7.278484350758927975e-03
5.679680074965935077e+00 2.779789941015520238e-01 8.858886093439759246e-03 -4.896684188929712467e-01 1.180726159074607998e-02
6.080598811600774312e+00 1.475499083185251026e-01 1.422122954600143173e-02 -7.017031507251543232e-01 2.153503458822406125e-02
6.414699786157419759e+00 -1.767873287968011464e-01 3.222604851492025246e-02 -9.988493064364295515e-01 4.547793138245573297e-02
6.748794678631225175e+00 -8.596651009256124354e-01 1.100283872114414530e-01 -1.112276871720199178e+00 9.830168305906897275e-02
7.216537259427096451e+00 -1.748380794972642427e+00 3.004557395941339637e-01 4.761980413704345466e-02 5.736342984290633551e-02
7.617455996061935686e+00 -8.570826029594558193e-01 1.362556279304551476e-01 1.703168864818542572e+00 1.725815543604651281e-01
7.951550888535741102e+00 -8.383949656134870310e-03 3.278261250783279929e-02 1.074468344512268914e+00 4.909576813327638789e-02
8.352469625170581224e+00 2.319637296590087439e-01 1.486010034530387686e-02 6.490976080574060170e-01 1.748501776263599455e-02
8.686570599727225783e+00 3.361801293131164714e-01 1.054951170815362181e-02 4.571783328394242174e-01 9.881423693960039029e-03
9.154307098440256141e+00 3.678526941178318355e-01 7.328948466072816685e-03 3.177255490258447668e-01 5.548335927009197428e-03
9.421590310918709577e+00 3.886575358885832054e-01 6.052280719523417570e-03 1.946759739113131105e-01 3.499462240159408911e-03
9.822502965470707892e+00 3.979909045293738012e-01 5.347765275289226294e-03 8.393014693757716582e-02 2.576041266653535458e-03
1.022342170210554890e+01 4.123164873927058216e-01 5.441270418085827031e-03 3.013531745295692198e-03 2.691616197190133120e-03
1.062434043874038636e+01 3.990810526247688395e-01 4.947593160955211095e-03 -1.065136809999891465e-01 3.291907200404861275e-03
1.095844141329703092e+01 3.928001472002509153e-01 5.532819135230116619e-03 -2.090949427809236372e-01 4.750241164526315847e-03
1.142617791201006305e+01 3.627449170762467867e-01 6.594938887409955257e-03 -3.360180283694050862e-01 7.264297953619863052e-03
1.176027888656670939e+01 3.302541700562933169e-01 8.615029989654172590e-03 -4.513617557931887680e-01 1.073175784013150405e-02
1.216119762320154862e+01 1.868597657717554483e-01 1.403004755420832889e-02 -7.527700066475724316e-01 2.245424410470898274e-02
1.256211635983638786e+01 -8.861532497239554829e-02 3.004126879576942896e-02 -9.973640189811966428e-01 4.551035414355901476e-02
1.309667670271045203e+01 -9.298966758668898436e-01 1.225271138975961155e-01 -1.178361997554930873e+00 1.098360466922580353e-01
1.336395383310606455e+01 -1.930751044176611586e+00 4.037399925072901463e-01 7.535136756323836116e-02 7.452774800710579295e-02
1.376487256974090201e+01 -1.127001083078779331e+00 1.597796177370271464e-01 1.577234583261990730e+00 1.616242834611242574e-01
1.416579130637574124e+01 -2.201311940572070469e-02 3.002671828206616988e-02 9.496646899572469547e-01 4.057515356878310664e-02
1.456671004301057870e+01 2.334668789123418575e-01 1.462273679270634577e-02 6.248640141007355542e-01 1.674706392406063657e-02
1.490080493548438589e+01 3.231678664682331448e-01 1.026680513362315979e-02 4.826344897243074472e-01 1.019325281119960909e-02
1.530172367211922513e+01 3.736679176640853584e-01 7.703112182183105214e-03 3.337631707440524287e-01 5.914298180431138037e-03
1.576946625291509640e+01 3.907671969364479581e-01 6.210879351670203254e-03 2.000062056879886307e-01 3.635044884185057671e-03
1.610356114538890182e+01 4.039881958165286169e-01 5.587190219500155590e-03 9.667389082535801648e-02 2.738680524702457545e-03
1.650447988202374106e+01 4.014976492379483397e-01 5.000554957067038404e-03 -8.063086650888718400e-06 2.546356750130830335e-03
1.690539861865858029e+01 3.993309612917444462e-01 4.980276027022499316e-03 -9.198127066132828766e-02 3.130098126380790810e-03
1.730631735529341952e+01 3.847866683641116836e-01 5.368938017119482230e-03 -1.976940893856822812e-01 4.531095509705368798e-03
1.770723609192825521e+01 3.547341021966880503e-01 6.152862328446435242e-03 -3.123487066125245071e-01 6.652948279611286923e-03
1.797451930440670864e+01 3.183217158027056293e-01 8.434548396610282855e-03 -4.795582620285477882e-01 1.121581886290116438e-02
1.850907356519793368e+01 2.176284792533281776e-01 1.315604119940686802e-02 -6.732884123444337066e-01 1.969705976533993666e-02
