0.000000000000000000e+00 3.253427860259974214e-01 3.373982271018710274e-03 -1.984119183531938418e-02 2.679598670368554553e-03
3.350841121124292776e-01 3.209514726112874805e-01 3.491025039578778220e-03 -1.085927747087432893e-01 3.328726815945937285e-03
8.041969890856730530e-01 2.970747422053616194e-01 3.845364176176111013e-03 -2.102845025841443838e-01 4.617187991173281499e-03
1.206295483628511356e+00 2.495926570826852708e-01 4.537034582821433161e-03 -3.207855737615628589e-01 6.613347759419309878e-03
1.541379595740940633e+00 1.711118181640947644e-01 6.201386676215871196e-03 -4.473453204284973950e-01 1.012923485451147805e-02
2.010492472714184409e+00 1.182841767646836129e-02 1.032575913082189011e-02 -5.417036972729623034e-01 1.552300622723461025e-02
2.345576584826614130e+00 -3.157240171991263500e-01 2.403964728364203426e-02 -5.848683050269596340e-01 2.566329382157190794e-02
2.814689461799859238e+00 -8.691851372133714282e-01 6.238068966096532719e-02 -3.408260946237867128e-01 3.284837090305454954e-02
3.149773573912288516e+00 -1.027148799604688634e+00 7.603967007042987392e-02 3.509649537327242941e-01 3.533688187478418313e-02
3.484851586044523053e+00 -4.201055873585768374e-01 2.984958809911343255e-02 5.942232754104721515e-01 2.660120500197215437e-02
3.953970562997963345e+00 -4.376696993834849891e-02 1.293864404725652076e-02 5.476397741163350208e-01 1.517618411546649802e-02
4.423083439971207120e+00 1.257515133659370954e-01 7.790822174775963865e-03 4.357844600339365049e-01 9.149311158329231919e-03
4.825181934514045423e+00 2.206507391258141493e-01 5.636814624559712515e-03 3.228720262085258974e-01 5.897406894227169745e-03
5.160259946646277740e+00 2.747957024495057965e-01 4.593901864672486450e-03 2.224890368000904117e-01 4.132796039391060938e-03
5.562358441189116043e+00 3.084660763563016328e-01 3.895687504975086160e-03 1.259979614136702841e-01 3.030466848556431607e-03
6.031477418142556779e+00 3.245043290208572961e-01 3.535680565994172350e-03 3.411128561193040726e-02 2.655731050082315182e-03
6.433575912685393305e+00 3.292947409696395100e-01 3.508921770108228404e-03 -4.753095071496182822e-02 2.890027089080180172e-03
6.902688789658638413e+00 3.141121978774664703e-01 3.586652635406655312e-03 -1.330076788454181425e-01 3.614417308806420950e-03
7.304787284201474939e+00 2.788943517277584494e-01 3.875101681593811926e-03 -2.305425648737427780e-01 4.904415175204195412e-03
7.639871396313904661e+00 2.199594739627369344e-01 4.823687329615342079e-03 -3.418359993419013976e-01 7.221053657885017144e-03
8.108984273287150657e+00 1.247537961563954245e-01 6.693170536632741738e-03 -4.477767727342693016e-01 1.057673401886248706e-02
8.444068385399578602e+00 -4.486688958861728693e-02 1.176518755646426863e-02 -5.668948410342651290e-01 1.707206167884953163e-02
8.913181262372823710e+00 -4.072665705824931592e-01 2.796806914891264081e-02 -6.582156676645395388e-01 2.937040254379129009e-02
9.315279756915661125e+00 -8.719479168053447804e-01 6.191055702673955996e-02 -3.613323658626850232e-01 3.295133463116019928e-02
9.717378251458498539e+00 -9.434105038704156954e-01 7.157674039568143187e-02 3.166182960752925712e-01 3.398592980349841169e-02
1.011947674600133595e+01 -4.171135831718083553e-01 3.149791423584374916e-02 6.385943380978787998e-01 2.934416054155519066e-02
1.045455475813356827e+01 -7.245282385752882526e-02 1.483895824951135187e-02 6.154252100420923854e-01 1.813990732764889091e-02
1.085665325267640746e+01 1.322160772970910059e-01 8.510663408519435202e-03 4.656056531915520047e-01 1.022238782314607505e-02
1.119173736478883541e+01 2.279893371299192562e-01 6.032772884909858545e-03 3.554154668013401741e-01 6.502217786453001920e-03
1.152682147690126513e+01 2.834929654728561843e-01 4.769220420706005853e-03 2.451908353827838838e-01 4.387633342199808578e-03
1.192891997144410254e+01 3.131905041387414990e-01 3.966672288181250644e-03 1.384771717456646789e-01 3.106137991735042313e-03
1.239803284841734587e+01 3.263220872443824971e-01 3.631551228564869945e-03 5.020968886211685939e-02 2.694722929265904766e-03
1.280013134296018507e+01 3.270220157936515881e-01 3.365322818181260174e-03 -3.706038134342880958e-02 2.731971317253866546e-03
1.313521545507261479e+01 3.145175832018106687e-01 3.435675765160383852e-03 -1.142935581399213280e-01 3.357480639130664551e-03
1.353730784963525480e+01 2.912246999047982121e-01 3.901369098914635614e-03 -2.213429468771264119e-01 4.782877504388717907e-03
1.393940634417809221e+01 2.392938409166503189e-01 4.689468890194094242e-03 -3.300721049031700161e-01 6.868481832555730152e-03
1.434150483872092785e+01 1.446164717638442898e-01 6.647343605033381037e-03 -4.645868097086879867e-01 1.067409118192283630e-02
1.467658895083335757e+01 -5.732627713292415272e-03 1.035957483323659070e-02 -5.659664799827555104e-01 1.568255439814586483e-02
1.507868744537619676e+01 -3.423649131001007540e-01 2.446761924010726688e-02 -6.387290466789113941e-01 2.684333507196450669e-02
1.548078593991903418e+01 -9.259360685676258917e-01 6.897376540956610957e-02 -4.771377274603882945e-01 3.938229230176832490e-02
1.574884956962085880e+01 -9.711556137818750933e-01 7.166774239340788222e-02 2.245173471030590118e-01 3.083230911619742887e-02
1.608393368173328852e+01 -5.761511316403588046e-01 4.136408083533696378e-02 6.415895361321013457e-01 3.378706167058334597e-02
1.655304655870653363e+01 -9.533747205348641618e-02 1.632284576033878401e-02 6.312584502921820828e-01 1.995302723498852335e-02
1.695514505324937105e+01 1.192335460816764670e-01 9.157057503413891866e-03 5.137944149804641869e-01 1.152826410851889687e-02
1.729022916536180077e+01 2.277043337864202710e-01 6.489489775134749117e-03 3.842147601314289118e-01 7.238574850645623608e-03
1.762531327747423049e+01 2.753406382707184741e-01 4.925162987991886510e-03 2.595402080338047313e-01 4.644498155089262989e-03
1.809442615444747560e+01 3.111128366833897374e-01 4.079371997597253975e-03 1.523726516221440008e-01 3.263985865635860364e-03
1.849652464899030946e+01 3.278288268284192952e-01 3.597504578277129373e-03 6.256685365159705969e-02 2.636375426693306386e-03
