0.000000000000000000e+00 3.295486749046587782e-01 3.438156158853848850e-03 1.625046888059717906e-02 2.496922178246447927e-03
4.672620789465331548e-01 3.230838901624092374e-01 3.286367242769865950e-03 -8.286182318752718934e-02 2.900181715845180815e-03
8.677741683046638066e-01 2.986186832012955317e-01 3.463730497523744793e-03 -1.758387839077176495e-01 3.872110296909808593e-03
1.134780202572132080e+00 2.646492778343803032e-01 4.071682466100494217e-03 -2.810988886170733836e-01 5.560699750558006048e-03
1.602048357432518833e+00 2.047662300045407224e-01 5.113616084375550465e-03 -3.739747110287833243e-01 7.658187987815726246e-03
2.002560446790649706e+00 5.888622439851737278e-02 8.270812220159060035e-03 -5.404323411124134502e-01 1.306352981027898187e-02
2.336316470646521370e+00 -2.176250153491439132e-01 1.808577223400458303e-02 -6.798162143685155812e-01 2.373940021270690148e-02
2.670078570416247299e+00 -7.251114649964502945e-01 4.760785947925553346e-02 -7.003297923179589990e-01 3.913172632477516372e-02
3.070590659774377951e+00 -1.081737931446106860e+00 8.172545496076615013e-02 -1.089442121067568658e-01 3.216398944332052312e-02
3.471102749132507270e+00 -8.979836254247219873e-01 6.350067455791399973e-02 6.424941869041775888e-01 4.129981959478012943e-02
3.871614838490636590e+00 -2.345006010828478704e-01 1.963685254787659804e-02 6.306689998395433872e-01 2.101868927033794313e-02
4.272126927848767686e+00 1.803515058123716930e-02 1.175769456634860946e-02 5.891865057250056381e-01 1.446771247716134925e-02
4.605882951704639794e+00 1.712748197159507657e-01 6.969505343209581386e-03 4.099868332305189877e-01 7.693130405217109280e-03
5.006395041062770446e+00 2.575650852711203198e-01 5.171718264486069826e-03 2.924397282346280491e-01 4.930154478000553162e-03
5.473663195923156977e+00 3.031630058114135884e-01 4.241774080896233527e-03 1.817124559312990051e-01 3.426575582358247843e-03
5.807419219779029973e+00 3.235695038780485588e-01 3.676661691536572268e-03 9.294161007515386319e-02 2.656688457979408235e-03
6.207931309137159737e+00 3.280836467422825753e-01 3.370310865695662350e-03 1.775437326853334698e-04 2.532895486457707734e-03
6.608443398495288612e+00 3.275377002433336182e-01 3.390740105614482164e-03 -8.390114418874924929e-02 2.979749686632033635e-03
7.075711553355676031e+00 3.010036852294546428e-01 3.575793716650628017e-03 -1.820226618990294642e-01 4.015735352156743314e-03
7.342717587623144304e+00 2.779888599563848373e-01 4.332471714073101929e-03 -2.934734578099975622e-01 5.875950602778080498e-03
7.743229676981274956e+00 1.928369063965708896e-01 5.523874833778511309e-03 -4.175677348813821577e-01 8.705002107346333090e-03
8.210491755927808555e+00 6.270157202200804525e-02 8.363021368381656773e-03 -5.349909282061374727e-01 1.316481747868045692e-02
8.611003845285939207e+00 -2.330289110961646371e-01 1.943123149232511837e-02 -7.279275854262927670e-01 2.614689222173654723e-02
9.078265924232473694e+00 -7.467660324990263998e-01 5.157779647479170115e-02 -6.481473921078897416e-01 3.951419603033091976e-02
9.345278034413793122e+00 -1.367987675195961872e+00 1.126969946135170930e-01 -1.336616983438049522e-01 3.852075277660106656e-02
9.812540113360327609e+00 -8.886807427255742908e-01 6.515632925996535374e-02 6.369512315246370626e-01 4.240387571536464312e-02
1.021305220271845826e+01 -2.763157076131248502e-01 2.324768373891050385e-02 7.383611492811110733e-01 2.644212076153504287e-02
1.061356429207658891e+01 5.468374227067668292e-02 1.122388601071229973e-02 5.941049655722984157e-01 1.404528958845972439e-02
1.101407638143471779e+01 1.869668684128285574e-01 7.562642617903332296e-03 4.525129339930062944e-01 8.556647003929839651e-03
1.134783848120444283e+01 2.599049939655359021e-01 5.331354987818360050e-03 3.046090108960741172e-01 5.149064308719128458e-03
1.181510056015097732e+01 3.077486624362907874e-01 4.268653930056527310e-03 1.900406890140874383e-01 3.472307901518038170e-03
1.214886265992070413e+01 3.243285511691667566e-01 3.652188760706355335e-03 9.995141531973261717e-02 2.632026966982993228e-03
1.248261868377657713e+01 3.333895628435042946e-01 3.432608222454214524e-03 1.510132185119893340e-02 2.445834387514615477e-03
1.288313077313470600e+01 3.283476911771775475e-01 3.357007844682216059e-03 -8.485917924232892762e-02 2.933417712339517029e-03
1.328364286249283488e+01 3.111457409066766266e-01 3.624781851301122140e-03 -1.796908280572499239e-01 4.004906469835559264e-03
1.368415495185096553e+01 2.732210604627037243e-01 4.069484117171585751e-03 -2.857705694286730158e-01 5.560575265734225316e-03
1.408466704120909441e+01 2.152546516202647475e-01 5.405044948446260239e-03 -3.974302352732805299e-01 8.258625388347018079e-03
1.448517913056722684e+01 6.346204051582698957e-02 8.907454629039295024e-03 -5.665939626090635839e-01 1.437292875135210389e-02
1.488569121992535571e+01 -2.089206476159328751e-01 1.819394325617094965e-02 -6.536356445194149156e-01 2.339402763400955446e-02
1.528620330928348459e+01 -8.571559684693237369e-01 6.006299868811669496e-02 -7.309477963333873562e-01 4.571524754616467651e-02
1.582022145373227495e+01 -1.117190016937593677e+00 8.570821177757534381e-02 -7.249030779724194296e-02 3.254780718320193084e-02
1.615397747758814972e+01 -7.762099299972715638e-01 5.341306795683304492e-02 6.762641450223323414e-01 3.902741176411345797e-02
1.648773957735787477e+01 -1.911551208407136215e-01 1.857989074482528646e-02 6.425448673622847773e-01 2.064245427551474402e-02
1.682149560121374776e+01 3.884404630318161189e-02 1.061981377605501070e-02 5.618563332827695156e-01 1.293105920654451062e-02
1.728876375607413607e+01 1.848905714848556592e-01 7.149432595625477595e-03 4.212539688390017911e-01 7.857279443270486288e-03
1.768927584543226317e+01 2.684250102848874109e-01 5.141251058224525355e-03 2.938790091442984309e-01 4.859045995698207249e-03
1.802303186928813616e+01 3.040551604688362386e-01 4.217846764511388145e-03 1.864216731416006301e-01 3.386853168377833810e-03
1.849030002414852092e+01 3.263523579490769100e-01 3.646389250426034390e-03 9.294201579799353519e-02 2.626405119114650060e-03
