0.000000000000000000e+00 4.292393990089405920e-01 2.920816534126122882e-02 7.599956525728548407e-01 4.220498397226814941e-02
3.343948740280051624e-01 4.738249335462168532e-01 1.877694750162219386e-02 5.410521739090060622e-01 2.108386404581218121e-02
7.356735928967301774e-01 5.233811595051747201e-01 1.444164003150109551e-02 3.721171682593500396e-01 1.210429254518305929e-02
1.136952311765454304e+00 5.259392110032199419e-01 1.166496006828487801e-02 2.450355110980933782e-01 7.754272838727517547e-03
1.471353273337359102e+00 5.038086290649459453e-01 9.367350197709289894e-03 1.214270415065060171e-01 5.257577615910606628e-03
1.872631992206083673e+00 5.093288579271870731e-01 8.834700646136168026e-03 3.300935336609132909e-02 4.697342553283688146e-03
2.340788468371629794e+00 5.278336034546062816e-01 9.337877668436026651e-03 -6.778506996413803665e-02 5.404342329712345447e-03
2.742067187240354365e+00 5.193316661659344025e-01 9.733991940066877638e-03 -1.618774952155499491e-01 6.760813411305468049e-03
3.143345906109080268e+00 5.095772249393197839e-01 1.103351343426987180e-02 -2.994054500912949890e-01 1.009534026203704957e-02
3.477746867680984622e+00 5.029567874773951397e-01 1.360287059964492701e-02 -4.230048796511404752e-01 1.502555497125608423e-02
3.812147829252889419e+00 5.445307985267749951e-01 2.203876554633679707e-02 -6.338896959899751327e-01 2.868487079678516335e-02
4.280304305418433763e+00 5.884494364957804091e-01 3.979214722107362462e-02 -9.206142584306095111e-01 6.126492586511172317e-02
4.614699179446438038e+00 6.967505865041436763e-01 1.496859607962927885e-01 -1.993960484625864060e+00 3.799853453167017503e-01
5.015977898315163053e+00 2.663389171605381023e+00 5.013000526736242968e+00 -5.367631285572705302e+00 1.074462981704606435e+01
5.417256617183888956e+00 5.010696956203084085e+00 8.505773483344693631e+00 1.465918801119769377e+01 2.591728019558339824e+01
5.751657578755793310e+00 6.790985509200342385e-01 8.892859329120550438e-02 1.601882241858517464e+00 1.923259759991446105e-01
6.219814054921338098e+00 5.334589227526312927e-01 3.241328970893687933e-02 9.012850930562035234e-01 4.968280164975067553e-02
6.687976618630784742e+00 4.935444516439853047e-01 1.836908653465672489e-02 5.421717208453427084e-01 2.021992394715556654e-02
7.022371492658788128e+00 4.862664193709990701e-01 1.213470309765914308e-02 3.373439931216436483e-01 9.892352410219766232e-03
7.356772454230692482e+00 4.882220297882396420e-01 1.001369987743028905e-02 2.265335527249276448e-01 6.630016815677794266e-03
7.824928930396239046e+00 4.876256200492806170e-01 8.444758236166999277e-03 1.091734862674162559e-01 4.651856221533442852e-03
8.226207649264964061e+00 5.023896238975007478e-01 8.483336256925121110e-03 2.039595110905854589e-02 4.520733874305462967e-03
8.560608610836867527e+00 5.154959426998148020e-01 8.829456599388210356e-03 -9.750295924758986543e-02 5.387742477324568811e-03
9.028765087002414091e+00 5.102192667292299033e-01 9.307502424926105203e-03 -2.019853534353983349e-01 7.083511843318328165e-03
9.363166048574319333e+00 5.166011391851059731e-01 1.130971112612146230e-02 -3.434870378204797903e-01 1.111579037003009723e-02
9.831322524739864122e+00 5.071763113168483716e-01 1.427028365314243069e-02 -4.723577000999520381e-01 1.678255391115171177e-02
1.029947900090540891e+01 4.893571621056658216e-01 2.262502816991559737e-02 -7.204457462299431736e-01 3.385935462898483767e-02
1.070075771977413481e+01 5.229886632112941136e-01 5.171505594560608238e-02 -1.297784126270536076e+00 1.084059097512565101e-01
1.110203643864286072e+01 2.914146963681876201e-01 1.745307754969185332e-01 -2.727599981586675604e+00 6.973678064999002668e-01
1.150331515751158484e+01 7.546275939539981437e-02 3.554672521657288309e-01 1.217432107121112050e+00 6.340590606731948409e-01
1.190459387638031075e+01 1.120195463862265228e+01 7.752328644756758536e+01 4.886384898386842224e+01 3.451888660102309245e+02
1.237275644008975739e+01 5.462768080201971799e-01 7.116788472354543260e-02 1.420702248291873637e+00 1.530379647238579721e-01
1.270715131411776078e+01 5.477691433589840786e-01 3.264367522284910422e-02 8.145791800003044925e-01 4.577274752091798488e-02
1.304155227568966424e+01 5.205296685236266985e-01 1.942061237420472652e-02 5.375232623807194576e-01 2.085059919885846880e-02
1.344283099455838837e+01 5.272737872834768469e-01 1.405853495118749609e-02 3.760625214205829958e-01 1.168801507461486068e-02
1.384410971342711605e+01 5.185835325844734278e-01 1.072694376739164943e-02 2.157470895952126599e-01 6.760885139655811553e-03
1.411162683015829877e+01 5.234889467358434523e-01 9.897620535758025820e-03 1.569578940250687116e-01 5.582871801911123109e-03
1.464666715116456608e+01 5.309827153907836772e-01 9.455256581313343373e-03 4.944266445172294105e-02 4.915870494753183002e-03
1.498106202519256769e+01 5.219831854588159459e-01 9.046978781140545267e-03 -6.914416674470472146e-02 5.205203212061225611e-03
1.538234074406129537e+01 5.259168924290793523e-01 1.009802474046538230e-02 -1.886984927589387129e-01 7.334428583985201817e-03
1.571674170563320061e+01 4.798920887032647187e-01 9.528334308573645217e-03 -2.449109746738674376e-01 8.273092139581435939e-03
1.605114266720510585e+01 4.822042699554950351e-01 1.228477428559229291e-02 -3.660080742097306938e-01 1.282787450652574102e-02
1.651929914337064886e+01 5.249528948376609438e-01 2.131883875467534273e-02 -6.374735128844535303e-01 2.840147957609010648e-02
1.692057786223937299e+01 5.163423073420769782e-01 3.913959177104114201e-02 -9.071714844732414740e-01 6.271247319568355738e-02
1.725497273626737638e+01 6.060519034054236975e-01 9.235578765190921580e-02 -1.570012328632678589e+00 2.049592215929019745e-01
1.765625145513610050e+01 2.050055632114023751e+00 1.516844903035714731e+00 -3.481256190244513604e+00 2.761481135914277019e+00
1.805753017400482818e+01 1.997587097622108843e+00 1.665864224526805160e+00 4.980906123865673329e+00 4.432135460330433041e+00
1.845880889287355231e+01 7.045765523792855145e-01 8.330856653229026798e-02 1.244614024160858534e+00 1.422742626448119385e-01
