0.000000000000000000e+00 1.054538205234369030e+00 4.875476481124065009e-02 -2.820067146501463451e-02 1.150388398024264520e-02
3.943888137512647774e-01 9.921932448966288565e-01 4.607813714346084555e-02 3.038043553049318726e-04 1.087118658535835003e-02
7.230421698629596605e-01 1.000292917177573404e+00 4.595910894060863117e-02 -2.344272332929515229e-02 1.122783026313149343e-02
1.183160458232256129e+00 9.850589728556431446e-01 4.671565859522372466e-02 -2.566266790047026444e-02 1.202824641073293142e-02
1.577555255005058665e+00 1.054558803710449855e+00 5.145267638692007511e-02 2.104822223678967305e-02 1.223620361042104809e-02
1.971938085734785462e+00 1.049838230452333265e+00 4.988595703134719034e-02 6.497732707778598737e-02 1.268120258647089174e-02
2.366326899486050461e+00 1.023532919702471400e+00 4.800564381685656912e-02 4.923368383361059059e-02 1.277585198011360439e-02
2.694986238619283547e+00 9.464794275735357587e-01 4.147306383910636524e-02 4.764162836918158644e-02 1.194613711110182816e-02
3.155104526988580016e+00 1.005440129840419194e+00 4.354697800376432920e-02 3.498302514344471537e-02 1.196227524170639586e-02
3.549493340739844793e+00 8.763608368136480697e-01 3.321162030626410161e-02 5.942447434839589690e-03 9.964400031624886730e-03
3.878152679873077879e+00 8.910248172430897950e-01 3.389299743717087005e-02 -3.680221292175053782e-02 1.017379847428419304e-02
4.338270968242373904e+00 9.033049821457614925e-01 3.433521462046641715e-02 -6.155499896932676435e-02 1.039801791643865311e-02
4.666930307375607434e+00 9.721734915206904359e-01 3.884616608487014705e-02 -8.168290404931016768e-02 1.128321759276049857e-02
5.061319121126872211e+00 1.026070883489467400e+00 4.355502661847521217e-02 -1.231882458710546330e-01 1.318006474647680573e-02
5.587166884114199483e+00 1.224374739280294611e+00 6.148194274314282282e-02 -1.191083060058869131e-01 1.585017473881486852e-02
6.047291155505034155e+00 1.247287531478199263e+00 6.615321986499413109e-02 -1.265990279952690367e-01 1.658541128655629734e-02
6.310215036998697791e+00 1.371050361606255930e+00 8.095885432857065356e-02 -3.119136662377825983e-02 1.637356130251890057e-02
6.704603850749961680e+00 1.207462401102465499e+00 6.868476702590058103e-02 4.484886900960763367e-02 1.480453223583780807e-02
7.164722139119258593e+00 1.129784643708615421e+00 6.118553432326010594e-02 1.869281186267227890e-01 1.646842857420685244e-02
7.559110952870524258e+00 1.154688785476746471e+00 6.428916733708572862e-02 2.490005494036121592e-01 1.958733190715630096e-02
7.887770292003756900e+00 9.971528325847991425e-01 4.717130161715714365e-02 2.654293248712033537e-01 1.685708801024114398e-02
8.282159105755020789e+00 9.284634159520158692e-01 3.977657395712892036e-02 1.936054543823282070e-01 1.307304325857775069e-02
8.742277394124316814e+00 8.323813113855766943e-01 3.006974271442248992e-02 1.208186991902567009e-01 9.456876322039989638e-03
9.070936733257550344e+00 7.834546547717078369e-01 2.604720128930108555e-02 7.281078532310282514e-02 7.968009501685366716e-03
9.465325547008815121e+00 7.378548075102789872e-01 2.228079224371441042e-02 5.196086337766322658e-03 7.150025180375713454e-03
9.793984886142050428e+00 7.646663907373941749e-01 2.404122869095148829e-02 -1.393218536366278189e-02 7.910050381061514008e-03
1.025410317451134468e+01 7.935825946838896972e-01 2.601137887760272133e-02 -7.854208072269346086e-02 9.356405418413645675e-03
1.064849198826260945e+01 9.042296767294212279e-01 3.285926921805523010e-02 -1.574152498141487000e-01 1.240044574056772472e-02
1.097714534437430345e+01 9.914906907864278196e-01 4.106750288066370047e-02 -2.133720662738591844e-01 1.610573057061090094e-02
1.143726961576513901e+01 9.552715695146503094e-01 3.982758872276839779e-02 -2.005166324551384827e-01 1.523504874202728614e-02
1.183165842951640556e+01 9.617620202406286234e-01 4.430107725451146866e-02 -1.765940588466528571e-01 1.570787556589397019e-02
1.216031178562809956e+01 1.072574493190183720e+00 5.797527234628648690e-02 -1.068532210681753108e-01 1.629850983198588912e-02
1.262043605701893334e+01 9.319075652638090235e-01 4.863836280362040382e-02 -1.345001741212849961e-02 1.270043913023892988e-02
1.301482487077019812e+01 1.034374491303836852e+00 5.747818043353161016e-02 -1.880424831342368888e-02 1.399629617175918508e-02
1.347494315913949414e+01 1.020431394575120665e+00 5.453592396039403517e-02 3.989315236253352520e-02 1.304815455861188175e-02
1.380360249827272945e+01 1.013548087145356824e+00 5.043081612002155850e-02 9.166513198075594560e-02 1.224934136789930690e-02
1.413225585438442344e+01 1.016826834755042430e+00 4.785208994401234789e-02 6.226461152442049063e-02 1.169424890952065581e-02
1.446091519351765697e+01 1.020397596047206257e+00 4.811905110603391378e-02 8.400666161003747523e-02 1.207515426670365336e-02
1.492103348188695122e+01 9.829543046392459349e-01 4.308127747449829598e-02 6.874839973158636264e-02 1.127908984355157837e-02
1.531542229563821600e+01 9.986027531162009474e-01 4.190120791303763442e-02 2.516485624705877555e-02 1.101937431556895136e-02
1.577554058400751380e+01 9.799336872389525777e-01 4.084669504598798656e-02 3.432943869327850089e-02 1.135532618402594618e-02
1.603847044852271608e+01 9.892528476143416238e-01 4.011334897413428024e-02 2.196908515917051982e-02 1.113995780650027002e-02
1.636712380463441008e+01 9.661967350627915785e-01 3.820027889375113977e-02 -1.411127422441500268e-03 1.105240830072221764e-02
1.682724807602524564e+01 1.010583163735493617e+00 4.219538506868708572e-02 2.052314571092090853e-02 1.197428661514203171e-02
1.722163688977650864e+01 9.252426656933298021e-01 3.632646711594658684e-02 1.667464521758374452e-02 1.062368562153667532e-02
1.755029024588820619e+01 9.643277423906245760e-01 3.926070305799132798e-02 2.603525405460809308e-02 1.097603752454650791e-02
1.794467905963946919e+01 9.559970223732725536e-01 3.981421762675906029e-02 8.808889204676941713e-04 1.083174647956172687e-02
1.833906787339073574e+01 8.739225349807325793e-01 3.441963745429097582e-02 1.155157898414267345e-02 9.249166169129638751e-03
1.866772721252396749e+01 8.804401563228682059e-01 3.518404689921980633e-02 -4.290162481503664166e-02 9.711571894679476777e-03
1.906211602627523050e+01 8.539032387405659508e-01 3.370100904216256216e-02 -5.996648091550625670e-02 9.332907040350044148e-03
1.952223431464453185e+01 8.989569437624159720e-01 3.807913899595717633e-02 -2.413219175610103583e-03 9.802404677374991840e-03
1.985089365377776360e+01 9.467364160795169736e-01 4.154992088256121568e-02 3.460192066629605434e-02 1.094167717751327699e-02
2.017954700988945760e+01 1.030314397432705364e+00 5.042292183199563460e-02 -4.602633522700154411e-02 1.301370921327598545e-02
2.063967128128029316e+01 1.199961455736111793e+00 6.689886886921352083e-02 -2.121575777647007402e-02 1.597474129157306494e-02
2.103406009503155616e+01 9.648529500539466675e-01 4.296245102940071670e-02 -1.834112737973180723e-02 1.193636362921468574e-02
2.142844890878281916e+01 7.878426537300829979e-01 2.965048047603559972e-02 1.748468149357428753e-02 9.406702067497744665e-03
2.175710226489451671e+01 9.699544041127065030e-01 4.325058084323635255e-02 2.695315645008119002e-02 1.222885466973305801e-02
2.221722653628535227e+01 8.644319761479990483e-01 3.461887431246019053e-02 3.920035875672925330e-02 1.024219560743164573e-02
2.261160936701507751e+01 9.454995114093135422e-01 3.962261260650178779e-02 3.208741560884672238e-03 1.178672022745520277e-02
2.294026870614830926e+01 8.799570785357861968e-01 3.400489236369980822e-02 -4.018306763172115048e-02 1.119729310631317407e-02
2.340038699451760706e+01 9.978376079049100511e-01 4.098243801401549313e-02 -1.239737819300979968e-02 1.110854896439234657e-02
2.372904633365084237e+01 1.097694042999593389e+00 4.730842485483933990e-02 -4.564969278988916662e-02 1.236372205130908258e-02
2.418916462202013662e+01 9.583263586310855064e-01 3.992123924929714268e-02 -1.206037272103465188e-02 1.054354090234544544e-02
2.458355343577139962e+01 8.440306891123535715e-01 3.458983851563281892e-02 -4.372521776183557057e-02 1.010947859294975514e-02
