0.000000000000000000e+00 -1.070243745338498531e+00 6.278252143928449158e-02 3.008458270764110057e-02 1.832587070709742680e-02
3.330108383566634522e-01 -5.839421718572106457e-01 3.366903039979389500e-02 5.322559287978811948e-01 1.967245611095190180e-02
7.326153572519560342e-01 -1.837474977733645209e-01 1.758506436183434815e-02 6.487013586642326191e-01 1.615093382080613760e-02
1.198831743398814487e+00 7.232571816681532262e-02 9.230154227262686931e-03 4.955234193312543778e-01 8.801409005204305358e-03
1.598442324531752057e+00 1.969836183756123182e-01 6.568797329593640058e-03 3.970969444183630181e-01 5.973382836580629594e-03
1.931447100650770521e+00 2.610455978924098308e-01 4.872145942830943995e-03 2.629304318137782870e-01 3.608263729140914321e-03
2.397663486797628973e+00 3.061056595276191450e-01 4.081442216402024134e-03 1.741654693136456267e-01 2.519303465047395638e-03
2.797274067930566765e+00 3.230511176237890192e-01 3.601155199744830466e-03 7.658351799934337567e-02 1.966755555382157950e-03
3.196884649063505002e+00 3.306469670725760146e-01 3.411108137074579053e-03 3.946521454196060680e-03 1.994707054558368317e-03
3.596495230196443238e+00 3.213964139743766824e-01 3.475607126741591963e-03 -7.728408840363570897e-02 2.519409650137238547e-03
3.929500006315461036e+00 3.030591784297177460e-01 3.610387553322449549e-03 -1.692433081014997620e-01 3.353991560804812921e-03
4.395716392462319710e+00 2.540324861830846048e-01 4.120074758764493555e-03 -2.718274262463495905e-01 4.845746864561094325e-03
4.662121425805063168e+00 1.928441408862179018e-01 5.051031618301680785e-03 -3.792198970281078219e-01 6.851758601281529235e-03
5.061732006938001405e+00 7.733618698460337226e-02 6.942877687911912406e-03 -4.595599253804193984e-01 9.144607114529138686e-03
5.527942330847213981e+00 -1.279158232475485768e-01 1.269963413438765856e-02 -5.807377963178138591e-01 1.452739584102085389e-02
5.794353426427603537e+00 -4.481673859869679255e-01 2.445801002228290694e-02 -5.873173601700377722e-01 1.951891189615093808e-02
6.260563750336816113e+00 -9.034536000208750472e-01 5.020819975553738462e-02 -3.551972069555966449e-01 2.095169701954988431e-02
6.593568526455833023e+00 -8.777949191770493265e-01 5.342867563313281887e-02 2.816996382485208450e-01 1.939922708986419747e-02
6.926579364812496920e+00 -3.710960672223381218e-01 2.729661531839629521e-02 6.639382237572888368e-01 2.168334666248207879e-02
7.459395493735630822e+00 -2.716646725030913423e-02 1.507363418665388227e-02 6.483021204199960197e-01 1.536156603373147432e-02
7.792400269854647732e+00 1.580869223076646901e-01 9.168062434278414705e-03 5.218194702235130489e-01 9.385741190364737391e-03
8.058811365435037288e+00 2.413009153720621913e-01 6.336146519414077687e-03 3.803922730781294503e-01 5.611503536784030743e-03
8.525021689344249864e+00 2.947132418671073451e-01 4.863904960211281638e-03 2.642339976502114385e-01 3.579729174458304384e-03
8.791426722686994211e+00 3.178159294608052243e-01 4.203364717554781450e-03 1.840247478151840754e-01 2.625024123182745361e-03
9.191037303819930671e+00 3.295176377384518296e-01 3.678892020686661598e-03 8.927801669214767422e-02 2.012808425786209287e-03
9.657247627729145023e+00 3.298375813629519371e-01 3.429413552646211425e-03 -6.357366054551876399e-04 2.014642725846480225e-03
9.923658723309534579e+00 3.164886647180749635e-01 3.341308476784344509e-03 -8.488453740790133373e-02 2.478343733971331668e-03
1.032326930444247104e+01 2.977235906874777793e-01 3.405120275071264573e-03 -1.671821918882795688e-01 3.215622982692170270e-03
1.065627408056148973e+01 2.592715764932251310e-01 3.905547906395066739e-03 -2.695782928292220215e-01 4.641633446437465164e-03
1.105588466169442796e+01 1.858253637438251893e-01 5.063776948022339318e-03 -3.821471828346637012e-01 6.879005582635193232e-03
1.145549524282736442e+01 5.959407077508288575e-02 7.487277243048715350e-03 -4.962991194776206760e-01 1.009149836755227070e-02
1.178850608118403009e+01 -1.588890406746128470e-01 1.426631820497564936e-02 -6.493771096167421097e-01 1.688207804624951638e-02
1.225471640509324267e+01 -5.909558832073555923e-01 3.262034685393991329e-02 -6.439854920183258891e-01 2.446237468417470501e-02
1.252112750067363223e+01 -9.937594643496587832e-01 5.692036571694416430e-02 -1.904692973887854857e-01 1.914075176378311413e-02
1.292073808180657046e+01 -8.178002936791319843e-01 4.759479863112668629e-02 4.252618514720871157e-01 2.093706253575857573e-02
1.325374285792558737e+01 -3.227179942857910655e-01 2.291115508352523436e-02 6.684693888674853035e-01 1.901789618975317092e-02
1.365335343905852561e+01 1.596298191671530198e-02 1.172302424004107758e-02 6.202081443388296478e-01 1.235300959285012996e-02
1.405296402019146385e+01 1.758192874212068380e-01 7.528260648335590235e-03 4.372793901346224699e-01 7.009070226367953085e-03
1.438597485854812597e+01 2.522095347011006905e-01 5.550863819819743840e-03 2.872076947747132514e-01 4.181160840485004249e-03
1.478558543968106420e+01 3.003072342045273180e-01 4.286622950504805421e-03 1.613927431033068127e-01 2.475024066480350452e-03
1.518519602081400421e+01 3.180745149118406334e-01 3.372179456537188584e-03 5.298753672242184631e-02 1.700732732857371731e-03
1.545160105415674678e+01 3.318453913658073740e-01 3.360116357927784864e-03 -2.369034900968514101e-02 1.928608013186236016e-03
1.598441718307988246e+01 3.383523035353592223e-01 3.615193751505836346e-03 -1.178809024225277030e-01 2.758471306542267885e-03
1.638402776421282070e+01 3.277976005303628315e-01 4.108603860287507632e-03 -2.289223026996143884e-01 4.230973362178576912e-03
1.678363834534575716e+01 2.919151710434043090e-01 5.250177631117881015e-03 -4.049162989968979054e-01 7.410170447525573668e-03
1.718324892647869717e+01 2.128530393551699706e-01 7.385881796530911932e-03 -5.078214392091940921e-01 1.080576191649984183e-02
1.744965395982143974e+01 2.625434103664137098e-02 1.398792637366312423e-02 -6.559069391218665945e-01 1.884912569755324563e-02
1.791586428373065232e+01 -4.063777817982142659e-01 3.101678120775290190e-02 -5.318626738059419878e-01 2.348671983034338745e-02
