0.000000000000000000e+00 3.313305276625485574e-01 3.399373679087885555e-03 1.736195752766232434e-02 2.462542365881989926e-03
3.337808909207642394e-01 3.239239940149797881e-01 3.332432642410288783e-03 -6.667113643867769723e-02 2.849121762677239104e-03
8.010692772050886923e-01 3.073587818039091868e-01 3.512639893410209220e-03 -1.555016043719642804e-01 3.659790416116769952e-03
1.134850168125852932e+00 2.644628292057387142e-01 4.134754402538091435e-03 -2.613954899594438941e-01 5.334794887644469553e-03
1.468624982790684985e+00 2.182473845554921965e-01 5.272681277996806547e-03 -3.809547413678395777e-01 7.752266318283911224e-03
1.869159621393228665e+00 9.922824277426012252e-02 7.386732673356292619e-03 -4.786381009609078085e-01 1.111558764303901582e-02
2.202940512313992905e+00 -1.116726227662083737e-01 1.460742595676859518e-02 -6.394187728423024186e-01 2.039922091548176594e-02
2.603475150916536585e+00 -5.012415671086221103e-01 3.388718176462382492e-02 -5.942564563152997748e-01 3.031883955846957635e-02
3.004009789519082041e+00 -9.471962976883028240e-01 6.924493030726334986e-02 -1.146862499050141787e-01 2.913219339558876381e-02
3.471298175803404717e+00 -7.215495176971786773e-01 5.027505146588021057e-02 4.518135407546045590e-01 3.075175213320387180e-02
3.805079066724169401e+00 -2.892074576440734068e-01 2.370613501181531579e-02 6.622575946986725137e-01 2.500561836069840893e-02
4.272367453008493854e+00 2.993023325110266697e-02 1.168940623920244719e-02 5.655447623920011324e-01 1.409772616939374522e-02
4.606148343929257649e+00 1.819036399585969854e-01 7.225700321916133338e-03 4.202126751427389673e-01 7.866872520266202096e-03
4.939923158594090147e+00 2.488390972645080912e-01 5.369632101142851090e-03 2.986454705835830392e-01 5.123206929549264758e-03
5.407217621134346786e+00 3.014060542873052695e-01 4.415270279557030955e-03 2.036041987240117257e-01 3.665948783337004673e-03
5.740992435799177507e+00 3.219851965700905039e-01 3.737002237497705649e-03 1.005001055366110396e-01 2.732074290791168623e-03
6.208286898339435922e+00 3.295400968599726532e-01 3.410959837942945366e-03 1.894352200607466591e-02 2.499506836086245239e-03
6.542061713004265755e+00 3.263838299396742970e-01 3.417375866668971671e-03 -5.504653941414487661e-02 2.856528096988327197e-03
6.875842603925030438e+00 3.134789618079921181e-01 3.568431747349173379e-03 -1.469311086146389833e-01 3.680148892575926638e-03
7.276377242527574118e+00 2.832560068441357659e-01 4.278139399106931778e-03 -2.598564237388261144e-01 5.400177258803592201e-03
7.743665628811898571e+00 2.129810930186609719e-01 5.095282706890346194e-03 -3.627164175905702170e-01 7.380234956126637338e-03
8.077446519732664143e+00 1.161754239800218413e-01 6.667248547518610929e-03 -4.418097719594118455e-01 9.917293949194855296e-03
8.411221334397493976e+00 -6.831960455544738853e-02 1.206968272288348396e-02 -5.791768604176970037e-01 1.685370833367590138e-02
8.811762049255971618e+00 -4.043859514013457002e-01 2.703052885315870846e-02 -5.685871765392671584e-01 2.589718185429926156e-02
9.279050435540295183e+00 -8.470330763766442672e-01 5.904741775947872084e-02 -2.918612438732420822e-01 2.985585502027091748e-02
9.679585074142840639e+00 -8.562856843823687392e-01 6.353135034135297399e-02 2.521056515636789230e-01 2.993731237302671433e-02
1.008011971274538432e+01 -3.930085669708608398e-01 3.046461438794357060e-02 6.732195164076316685e-01 2.957731655735140047e-02
1.054740809902970788e+01 7.927858633085538287e-04 1.402638418743256017e-02 6.042253649358187984e-01 1.711029949505484676e-02
1.081442916601275961e+01 1.586088007816766621e-01 8.456276287486731019e-03 4.839053591077362992e-01 9.724110510441382957e-03
1.114821005693352340e+01 2.318381033647690381e-01 6.278785005631690695e-03 3.713690101457979842e-01 6.459777176268847489e-03
1.154874469553606886e+01 2.917307335049497685e-01 4.778979361162691807e-03 2.480582807745487228e-01 4.159989509195103838e-03
1.194927933413861254e+01 3.200676817364689342e-01 4.090624136381124445e-03 1.458142356566461129e-01 3.098690720011614431e-03
1.234981397274115800e+01 3.267934483269152590e-01 3.428491097004264087e-03 4.372798530905356446e-02 2.460299784449957675e-03
1.275034861134370168e+01 3.279605791194682429e-01 3.256985452975725507e-03 -3.347910219315890223e-02 2.557756697335522664e-03
1.315088324994624536e+01 3.192871033943199821e-01 3.357875605988487871e-03 -1.285878775673812424e-01 3.274041716917505066e-03
1.348465806461107519e+01 2.986325495409430930e-01 3.883304669813146537e-03 -2.143962562586627651e-01 4.533218072266382431e-03
1.388519270321361887e+01 2.441470961722836397e-01 4.850329566818440720e-03 -3.556736993374204348e-01 7.017937807895707931e-03
1.421897359413438622e+01 1.614147226641825528e-01 6.709522416475872768e-03 -4.658305376744644177e-01 1.034572859006263265e-02
1.468626198041870978e+01 -4.276203303546033396e-02 1.245352715678030471e-02 -6.139988785736509858e-01 1.839035403984129804e-02
1.495328912365769547e+01 -3.118861253588560700e-01 2.426076643736303426e-02 -5.114925766468141344e-01 2.396426873724010267e-02
1.535382376226023915e+01 -1.026131789070676703e+00 7.709366432696990179e-02 -2.624596907258012757e-01 3.401101518691278247e-02
1.582111214854456094e+01 -7.384716432060692837e-01 4.886968349643409926e-02 4.038980410487502115e-01 2.850053472055406184e-02
1.615489303946532829e+01 -2.992080211516030541e-01 2.148558908321440003e-02 5.735494259704405628e-01 2.064111800242478950e-02
1.668893517343143174e+01 2.424080373377068831e-02 1.020818081636646994e-02 4.709669725711693733e-01 1.116660884540724048e-02
1.708946981203397542e+01 1.569207506552559028e-01 7.502306368545409720e-03 4.363798353117092632e-01 8.268313488943883002e-03
1.742325070295473921e+01 2.395747786878646424e-01 5.325499864965090036e-03 2.979544270207997170e-01 5.079167786643262565e-03
1.789053908923906278e+01 2.943820436624797754e-01 4.442747352049963329e-03 2.012033541537868730e-01 3.639531374124799819e-03
1.815756015622211450e+01 3.145404435256901610e-01 3.747577083913867808e-03 9.148644780357005624e-02 2.732096381150153803e-03
