0.000000000000000000e+00 -1.974733887738455707e-02 3.220658782477036491e-02 9.435573361295972461e-01 4.524999158466645743e-02
4.672509579344321651e-01 2.937855568158143083e-01 1.636164021560798654e-02 6.360455361899025606e-01 1.982199189285118596e-02
8.677535149551598437e-01 3.674615172200004776e-01 1.051619629365329982e-02 4.153909054310839788e-01 1.014434717603288766e-02
1.268256071975885746e+00 4.032519369902632933e-01 8.377611681834177745e-03 2.986140592765825774e-01 6.608015476725796929e-03
1.668758628996611870e+00 4.271233652683063542e-01 7.056570388481184578e-03 1.710648917517640921e-01 4.300028271972926829e-03
2.069261186017339327e+00 4.419266646587616254e-01 6.492746828489877157e-03 6.432481254729709164e-02 3.323440306079172412e-03
2.403009266355114359e+00 4.488154672671474388e-01 6.384599389303354661e-03 -3.034634417578387436e-02 3.477827455488968766e-03
2.870266300058791575e+00 4.388615744212480130e-01 6.268006599865753870e-03 -1.304140940486427924e-01 4.228621895211456296e-03
3.270768857079518810e+00 4.346978741077543451e-01 7.203880826765802700e-03 -2.399655828412589065e-01 6.298083308624699908e-03
3.671271414100245156e+00 4.237871805970596095e-01 9.067403607566340909e-03 -3.852034340942669943e-01 1.039209171419843737e-02
4.071773971120972391e+00 3.648374896205264228e-01 1.138336921090042468e-02 -5.277570335075214558e-01 1.633726437139912738e-02
4.539024929055404556e+00 2.950259935698587022e-01 2.082918064556322363e-02 -8.942999355389820160e-01 4.043749232271224431e-02
4.939527486076132234e+00 3.494426945377759886e-02 4.640541205187621171e-02 -1.294149047080856541e+00 1.023904279178569077e-01
5.340030043096858137e+00 -1.531716840579303351e+00 5.575232474295065410e-01 -2.593782665583389768e+00 7.734159363425225919e-01
5.740532600117584039e+00 -1.109166467885902563e+01 1.844492413999386926e+01 7.493245471534515367e+00 1.220247368427144075e+01
6.141035157138311718e+00 -2.963233655324901683e-01 9.071683916143233328e-02 1.724487339737331704e+00 1.686503528826459597e-01
6.541537714159037620e+00 2.291402820054038170e-01 3.162314121243477855e-02 1.079273558620277962e+00 5.174283599522990634e-02
7.008788672093469785e+00 3.759038977385483205e-01 1.723740914589108955e-02 6.675203945586182241e-01 2.064917434120353348e-02
7.275788351517540775e+00 3.914776327608913697e-01 1.049355998695350109e-02 4.028820924707334217e-01 9.785493911689677887e-03
7.676290908538267566e+00 4.255012406960965166e-01 8.231609444913310161e-03 2.922192042278835000e-01 6.234927235983704283e-03
8.076793465558994356e+00 4.304729385376289130e-01 6.865800987738206358e-03 1.809507313080881974e-01 4.213058585453482129e-03
8.544050499262670684e+00 4.487146541171171399e-01 6.643815504110794738e-03 8.834577912660220023e-02 3.357725485729398749e-03
8.811050178686739898e+00 4.582922742274984640e-01 6.673658067583744004e-03 -2.094790150085649658e-02 3.545249890779620522e-03
9.211552735707465800e+00 4.316162586263894152e-01 6.134211768702798120e-03 -1.198967101922832484e-01 4.123650640558733198e-03
9.478552415131536790e+00 4.251641192857727458e-01 6.766763497180929531e-03 -2.214593517248732712e-01 5.846634352587780879e-03
1.001255784974891938e+01 4.089304466299252816e-01 8.038504739564434134e-03 -3.318412859053065378e-01 8.644929651303603912e-03
1.034631200585593902e+01 3.528315668005409522e-01 1.035955167029003858e-02 -4.674131978017679878e-01 1.400574439637775059e-02
1.081356296379037296e+01 2.626761123841017120e-01 1.674381710355685171e-02 -7.691945947849156973e-01 3.056923281695578948e-02
1.114731104412815021e+01 4.228399916571579098e-02 3.312950117093850511e-02 -9.962562946693678256e-01 6.202545963510520260e-02
1.154781360114887612e+01 -7.037611051440491039e-01 2.020289371775539633e-01 -1.915978783020298559e+00 3.449027583571464550e-01
1.201507063485255244e+01 -2.650301220567382643e+01 1.253456870005434496e+02 2.046926585653799258e+00 1.008722609075687160e+01
1.234881871519032970e+01 -7.547473871287602165e-01 1.859818425602801084e-01 2.284307555678719126e+00 3.354218438796955359e-01
1.268257287129734934e+01 1.597160072588486024e-01 3.040963908701917184e-02 8.830332797423612323e-01 4.235892322972716756e-02
1.314982382923178150e+01 3.218408716975275086e-01 1.742975349352841527e-02 6.890078539995413420e-01 2.179028166437237471e-02
1.348357798533880114e+01 3.888245486858782352e-01 1.201803622036031957e-02 5.011724799913228612e-01 1.248852355318081850e-02
1.388408054235952704e+01 4.142671856058592339e-01 8.584820086573807102e-03 3.296611275508478656e-01 7.009655857721470290e-03
1.421783469846654846e+01 4.330145613618388567e-01 7.627219545789230837e-03 2.370538522008853455e-01 5.169073473072162764e-03
1.461833725548727614e+01 4.368993743565757204e-01 6.383069697475980513e-03 9.563045686092008779e-02 3.361696660919447164e-03
1.501883373673875788e+01 4.405096909217023904e-01 6.045114218320398955e-03 6.426969571041678394e-04 3.103105068103961372e-03
1.541933629375948378e+01 4.312369212862727785e-01 5.928567229073895307e-03 -9.945144857585976050e-02 3.772692127329715147e-03
1.588659332746316188e+01 3.990950914623244139e-01 5.729574701923005262e-03 -1.732710555590182000e-01 4.634609236733246325e-03
1.622034140780093736e+01 4.031143363635652510e-01 7.616295173505250454e-03 -3.274427006263506690e-01 8.272580447032338094e-03
1.655409556390796055e+01 3.824533133493376313e-01 1.029275001251336516e-02 -4.924542680563052666e-01 1.415045474611249798e-02
1.702134652184239272e+01 2.874025222759251097e-01 1.538452488791082137e-02 -7.187325099765301539e-01 2.700522202238537367e-02
1.735510067794941236e+01 1.536192748141129716e-01 3.354650005011419744e-02 -1.278268207914852850e+00 8.018673193177132397e-02
1.775560323497013826e+01 -8.942348022565163035e-01 2.295013261924113146e-01 -2.010547285100325432e+00 3.608127136816765557e-01
1.808935739107715790e+01 -4.069709760014124100e+00 2.168298937930145165e+00 1.066975223623337410e+00 6.205606618026363597e-01
1.855660834901159006e+01 -6.258787774045169172e-01 1.261266791062952419e-01 1.546064075590824594e+00 1.761485911021488104e-01
