0.000000000000000000e+00 3.257397696031403278e-01 3.404499132548830919e-03 1.875591481289453494e-02 2.636521280069831219e-03
2.002991221167809144e-01 3.272935928930312266e-01 3.350775513751765369e-03 -6.159639003908318200e-02 2.898379466619430567e-03
6.676677918698397107e-01 3.057387066852107482e-01 3.473034856183180186e-03 -1.548918290340563775e-01 3.761880554653511052e-03
1.001495610583904572e+00 2.808728034932947981e-01 3.950629830410266365e-03 -2.620731565344250891e-01 5.294465102788106087e-03
1.335329506518824427e+00 2.179467591894155287e-01 5.303102860778557449e-03 -4.036524645602936889e-01 8.498244768950691599e-03
1.802692099051029784e+00 1.039062214786909966e-01 7.616982894024495500e-03 -5.098308476168521564e-01 1.239878016785831392e-02
2.203290343284591835e+00 -1.369681364522589151e-01 1.604101762156680613e-02 -6.796539893821998968e-01 2.307704629187214487e-02
2.737423361336293937e+00 -6.657229054653266420e-01 4.627243273606463508e-02 -7.315154024240273500e-01 4.069149948344265993e-02
3.071251180050358798e+00 -1.419369085962001398e+00 1.256287818397229250e-01 -2.559326857036203773e-01 4.330680694240441470e-02
3.538619849803417594e+00 -9.272390358349733575e-01 6.993293284997598169e-02 4.597024020023695590e-01 3.708000765894856748e-02
3.805683320218841814e+00 -3.230286475384919198e-01 2.529616640788677484e-02 6.718732439586685423e-01 2.655470353110442328e-02
4.139517216153762114e+00 -1.296784827546804131e-03 1.185952786496348790e-02 5.506237741267818731e-01 1.468545538777527720e-02
4.673644156984609666e+00 1.725427399888397884e-01 7.847540330841819289e-03 4.700714156671325084e-01 9.811096945150912449e-03
4.940707627400032109e+00 2.480162367049171535e-01 5.719880313667124495e-03 3.346965234221296326e-01 6.084510547771610628e-03
5.341311948854448488e+00 3.003422380682466142e-01 4.439236831011965020e-03 2.094949743308129886e-01 3.897598062556027147e-03
5.675139767568515126e+00 3.262792750171918943e-01 3.981470348845614696e-03 1.249209623698331606e-01 3.090601382129463167e-03
6.142502360100720260e+00 3.341468904601432310e-01 3.529758608748988311e-03 3.715986458722914804e-02 2.658972526170473409e-03
6.543100604334282977e+00 3.259073983415401998e-01 3.381472595080169119e-03 -5.226427951521355614e-02 2.877401190337403308e-03
6.943698848567844806e+00 3.081997380414752685e-01 3.548323042017773304e-03 -1.461908847082432905e-01 3.737955768313994294e-03
7.277532744502764217e+00 2.735218440536288931e-01 3.841069069089410315e-03 -2.320838691918698793e-01 4.890715788454956178e-03
7.544596214918187549e+00 2.265891888160198320e-01 4.839089478218761009e-03 -3.549712164867797060e-01 7.347652342027518810e-03
7.945194459151750266e+00 1.213287460054037203e-01 7.229835352855840461e-03 -5.019655188246204824e-01 1.202730582293487505e-02
8.412563128904809062e+00 -8.933354681669969377e-02 1.327511901889498296e-02 -6.151057737281390159e-01 1.927940525127435842e-02
8.746390947618875700e+00 -4.861535286690338298e-01 3.539298600526344374e-02 -7.716350399215580191e-01 3.794051354544562132e-02
9.213759617371934496e+00 -1.174951415023114176e+00 9.760149612482778292e-02 -3.813958832092447793e-01 4.259345820939899191e-02
9.547587436085999357e+00 -1.140449904387161650e+00 9.371530077749974652e-02 5.325855336404243801e-01 4.684270531751907884e-02
1.001495002861820538e+01 -4.468285113425096711e-01 3.400248934711280757e-02 7.248088577201050597e-01 3.360734418402352985e-02
1.034878392455312479e+01 -7.551946353928440381e-02 1.492444420801180248e-02 6.587170325324717135e-01 1.914958297009797944e-02
1.081614651708532904e+01 1.415758318127616766e-01 8.033699090492186709e-03 4.706936745366847585e-01 9.776081834605824389e-03
1.128351518683838783e+01 2.421933827236431580e-01 5.614006471903029184e-03 3.330673297753548590e-01 5.971428970254464424e-03
1.161734300555245447e+01 2.892280373078996436e-01 4.598540360752205805e-03 2.344165589540560535e-01 4.220656678608514581e-03
1.201794124978601630e+01 3.189438458813046995e-01 3.807354806424622165e-03 1.218951737642525457e-01 2.967755851677987555e-03
1.248530991953907332e+01 3.308415684790544931e-01 3.464234920963168637e-03 3.066515646929208333e-02 2.602395344012970423e-03
1.275237338995449932e+01 3.313533181608370182e-01 3.380516179660705660e-03 -5.875598286198060322e-02 2.889453859997094098e-03
1.315297163418806115e+01 3.177579909759219445e-01 3.457843874469217031e-03 -1.385323759603095117e-01 3.567273440946893293e-03
1.355356987842162297e+01 2.940535687970053935e-01 4.124256142234554619e-03 -2.594701420432737882e-01 5.350885597097448411e-03
1.402093247095382722e+01 2.275420219865813554e-01 5.120413818452326619e-03 -3.678489763106021493e-01 7.682653216461395040e-03
1.435476636688874663e+01 1.111883904376423926e-01 7.511302657145771042e-03 -5.045111240401508601e-01 1.213706565539662136e-02
1.468859418560281505e+01 -7.647074582970492251e-02 1.341939382328058601e-02 -6.093673798455200297e-01 1.926248934269105331e-02
1.515596285535587384e+01 -5.546109136756992575e-01 3.883196329020816712e-02 -6.603592960923092559e-01 3.512754556130982808e-02
1.548979067406993870e+01 -9.861097931040818665e-01 7.606876292095134107e-02 -2.211347461435331230e-01 3.218910275444109015e-02
1.589038891830350053e+01 -9.657463046992722511e-01 7.532623332150968631e-02 5.248173011654337916e-01 4.133301594575803511e-02
1.629098716253706414e+01 -3.169190944247759489e-01 2.431635695671765032e-02 6.038749197127127877e-01 2.400787830497160338e-02
1.669158540677062774e+01 3.083716210207754216e-03 1.258414803306562128e-02 6.075221178364700325e-01 1.637963504874358212e-02
1.702541930270554715e+01 1.612315310820518488e-01 7.690787930464157256e-03 4.512922011911192355e-01 9.325179383316587953e-03
1.742601754693911076e+01 2.471322303088732686e-01 5.538636973914165887e-03 3.264347950965805767e-01 5.791910637129186155e-03
1.775985144287403017e+01 2.911373877477402283e-01 4.470739413596143928e-03 2.101591454464344644e-01 3.939366579544329762e-03
1.822721403540623442e+01 3.192283330532740271e-01 3.755348772452124333e-03 1.164336451814109996e-01 2.904285543512022654e-03
