0.000000000000000000e+00 -5.836339108180039759e-01 3.081913027641846117e-02 2.838218735052663519e-02 1.133753787624697425e-02
3.984333767638501556e-01 -3.536491194962085860e-01 2.139913259366424403e-02 3.785197097501047381e-01 1.171259226983456525e-02
7.968788424691495287e-01 -9.821235210855949749e-02 1.383939705985470087e-02 5.367939669373021916e-01 1.144403752747250903e-02
1.062503108468624724e+00 6.444253185812792717e-02 9.544954142416980578e-03 4.829451372851785163e-01 8.469078078840971621e-03
1.460942529703199488e+00 1.942410345734536248e-01 6.244648059262795405e-03 3.489549116685579655e-01 5.096470218703766548e-03
1.925786506319961511e+00 2.606480254346528191e-01 4.892902999311297962e-03 2.443941554831502438e-01 3.355970490355801757e-03
2.390630482936723311e+00 3.002086464639290297e-01 3.989733415108330170e-03 1.536959997029466451e-01 2.293356277536314977e-03
2.722665348789110595e+00 3.176603021673377603e-01 3.628570904957685410e-03 7.782256863719225204e-02 1.892922811948936478e-03
3.054700214641498324e+00 3.187397917867073049e-01 3.403114273346829165e-03 -8.041254442676587511e-03 2.004327968294276983e-03
3.585948746640447382e+00 3.090030825237989331e-01 3.424895131688390076e-03 -9.180152792607344792e-02 2.482709153020835630e-03
3.917983612492834222e+00 2.913835360442551536e-01 3.547653233669453583e-03 -1.948603839671967652e-01 3.497386029804620908e-03
4.250018478345221062e+00 2.643138532441405841e-01 4.266242698479912748e-03 -2.749478996740435388e-01 4.736949986876649692e-03
4.648457899579796937e+00 1.825622559609064166e-01 5.362403251446326395e-03 -3.709352678101352496e-01 6.703102048718849112e-03
5.046891276343647093e+00 6.018982646613546539e-02 8.210281383833400656e-03 -4.760758462488870468e-01 1.004440931910650925e-02
5.511741297431132836e+00 -2.377114598733190975e-01 1.687052656100503437e-02 -5.913921321878514714e-01 1.626408340258432214e-02
5.910180718665707822e+00 -4.351709575522137996e-01 2.460796739610187842e-02 -4.151648865207752670e-01 1.544857756519882677e-02
6.242209540047370275e+00 -5.980958433297388632e-01 3.193799512259314771e-02 -1.393842746865886668e-02 1.168449371973193270e-02
6.707059561134857795e+00 -4.048692654448582395e-01 2.488997976297990800e-02 4.466266028763939411e-01 1.447438141281133864e-02
7.105498982369431893e+00 -1.010095964791322132e-01 1.406149898858051646e-02 5.385563237555041072e-01 1.165338437731118504e-02
7.503938403604005991e+00 8.316970434711495885e-02 9.945931279353940890e-03 5.053023690207548713e-01 9.160368999497700213e-03
7.835967224985668445e+00 1.959570542738768295e-01 6.804436909114750139e-03 3.859711935631948143e-01 5.766620637039078685e-03
8.300817246073155076e+00 2.658347693635747522e-01 4.991535753566132307e-03 2.735880113496760857e-01 3.645815402859731418e-03
8.699250622837006119e+00 3.086083574867045654e-01 4.192629939604481694e-03 1.791585700777063861e-01 2.567748087162295082e-03
9.097696088542305048e+00 3.152304718684272866e-01 3.628254804737953386e-03 9.618496916599665603e-02 1.961600000836373481e-03
9.429724909923967502e+00 3.185450234994973151e-01 3.367141257847360361e-03 1.225247286277199830e-02 1.888268594254890543e-03
9.695349175923443141e+00 3.125723348840948601e-01 3.312129003843921303e-03 -6.404954240160004586e-02 2.270902488666194739e-03
1.016019919701092888e+01 2.898352681214006465e-01 3.419531899684456235e-03 -1.452611938182285789e-01 2.965903588336934928e-03
1.042582346301040275e+01 2.680061878604378389e-01 3.948239878973996975e-03 -2.489321211677728019e-01 4.318491236561271263e-03
1.089066743962716544e+01 2.042101135546723067e-01 4.941957584174394048e-03 -3.557024488425341024e-01 6.279490352645991820e-03
1.128910686086174131e+01 9.645595044907995241e-02 6.579462966485141381e-03 -4.297873501694870479e-01 8.185584554097726992e-03
1.168754628209631541e+01 -6.889701876248366386e-02 1.077014023420692912e-02 -4.857904682133012408e-01 1.134410439124664514e-02
1.201958114794870269e+01 -3.694052987581000203e-01 2.077257914061934538e-02 -4.902832763875093480e-01 1.537938150001583182e-02
1.235161601380108998e+01 -6.501829784108610344e-01 3.331960004065043224e-02 -1.234890589061874572e-01 1.277151810632961779e-02
1.268364483518275065e+01 -5.652040848808044249e-01 3.052030502545484067e-02 2.570983401423982961e-01 1.271956655249287076e-02
1.308208425641732475e+01 -2.035354717253976542e-01 1.669036066889927755e-02 4.773009243262973378e-01 1.175622774392689161e-02
1.348052367765189885e+01 1.689853182033185242e-02 1.152225873023610299e-02 5.399988247144215103e-01 1.049486013774176760e-02
1.401177825412157674e+01 1.735304303019197802e-01 7.137316677205367624e-03 4.026707076141288200e-01 6.193535121461008798e-03
1.427740252012105060e+01 2.348239352667963464e-01 5.570546831617929906e-03 3.040820470920428953e-01 4.244178624792103831e-03
1.474224649673781506e+01 2.808382431472324914e-01 4.236540778991198380e-03 1.769288734874888136e-01 2.584087107303001656e-03
1.507428136259020235e+01 3.099645573873450188e-01 3.678867898449521105e-03 1.045741571131805631e-01 1.956687862788423962e-03
1.553912533920696326e+01 3.204779758077159757e-01 3.382967017945845943e-03 1.272930293134774682e-02 1.880145771295896892e-03
1.587116020505935055e+01 3.197851203517430574e-01 3.347398513753753642e-03 -6.368460452800693561e-02 2.225372598601112022e-03
1.633600418167610968e+01 3.017144727815275762e-01 3.577894063466730435e-03 -1.691552518899863133e-01 3.265980074669051682e-03
1.666803904752849874e+01 2.837783923647605455e-01 4.022964095860319216e-03 -2.599508169492514842e-01 4.467262694252809377e-03
1.706647846876307284e+01 2.146034247345800783e-01 5.180355322459180220e-03 -3.631427801862520122e-01 6.479439798151740912e-03
1.746491788999764694e+01 1.185769914349651399e-01 7.640121269317293878e-03 -4.580417009914929949e-01 9.467208622290970016e-03
1.779694671137930939e+01 -1.344762058412475314e-01 1.434364250957016751e-02 -5.378492948277115993e-01 1.429609425433579425e-02
1.826179673246679869e+01 -4.490217084323223640e-01 2.513154491622899070e-02 -4.635902936142001218e-01 1.674127954360870446e-02
