0.000000000000000000e+00 -9.481630060408101635e-01 1.138061532437777135e-01 -9.388854733249242246e-01 9.358945822222539124e-02
4.001584080835662860e-01 -1.764061593752295654e+00 2.813368363993821175e-01 3.380035889961697237e-01 8.621597606153101612e-02
7.336257716693310726e-01 -6.358055852183905898e-01 6.892226603328882595e-02 9.134820914873419406e-01 6.677157101661596039e-02
1.133784179752896026e+00 -8.252491264210060073e-02 2.417677565555634289e-02 8.516814684398513746e-01 3.392413838478307991e-02
1.600633632334263368e+00 1.724818787979636725e-01 1.137892843453061111e-02 5.599917260094466886e-01 1.406347040618633089e-02
2.067483084915629377e+00 2.890413694333466843e-01 8.070827834676570084e-03 4.199365131407470919e-01 8.646741376986495295e-03
2.400950448501393719e+00 3.352498211473788903e-01 6.176620321968597470e-03 2.806539072259753298e-01 5.435482890214515979e-03
2.734417812087159394e+00 3.611877714947246409e-01 4.955380004149492930e-03 1.626395478428190877e-01 3.563164617704805883e-03
3.201267264668525403e+00 3.774733790481734075e-01 4.490986824395853429e-03 6.743192674936229758e-02 2.920225992951947912e-03
3.534734628254289746e+00 3.834981794198276117e-01 4.359224768544088698e-03 -1.591573860621113209e-02 2.940252649154033015e-03
4.001584080835656643e+00 3.769831613219903899e-01 4.486555468392494639e-03 -1.040269661247010258e-01 3.637103320897356901e-03
4.335051444421421429e+00 3.662574070495279721e-01 5.041232399813866567e-03 -2.293770561851650736e-01 5.270385710366539724e-03
4.801900897002788327e+00 3.172595474483167477e-01 5.780633434183848028e-03 -3.365431743778294904e-01 7.322425778667431343e-03
5.135362190040172692e+00 2.597877929809890296e-01 7.606386125216703896e-03 -4.681825652329441589e-01 1.124947258345615313e-02
5.535526668672118511e+00 1.413311841815779735e-01 1.130402409420779020e-02 -6.095125160934937725e-01 1.794243138814655483e-02
6.069067165751286019e+00 -2.207465455247348274e-01 3.020030522120431549e-02 -9.057333050209330771e-01 4.481086713326266208e-02
6.402534529337050806e+00 -9.419720822628734336e-01 1.092376089294847252e-01 -9.811781789171664103e-01 9.318132264829881439e-02
6.735995822374435171e+00 -1.454135272848367855e+00 2.045672882184814412e-01 9.024301632143555407e-02 6.214124416144132385e-02
7.136154230458001457e+00 -7.087848090637896004e-01 8.656446321173436043e-02 9.995263222530760272e-01 8.486925514502795254e-02
7.603009753587747888e+00 -4.297786290397942466e-02 2.654215489122508168e-02 9.005412554605212172e-01 3.937738884151507912e-02
7.803088957629531919e+00 1.867663301487779703e-01 1.341388306270231354e-02 6.400623799373669209e-01 1.758949534018400263e-02
8.336629454708697651e+00 2.897826262913215656e-01 8.644401665661549661e-03 4.343442260567548230e-01 9.394133859966884853e-03
8.603405773796662714e+00 3.338842532130344432e-01 6.412569782837156986e-03 3.036566801672428428e-01 5.796797319555976533e-03
9.070255226378026947e+00 3.741109129483013440e-01 5.464445232945277717e-03 1.986752531311567482e-01 4.070031666467938992e-03
9.470413634461595009e+00 3.812204160203652159e-01 4.674123194892529712e-03 8.711727976326516520e-02 3.009451181598797424e-03
9.803874927498979375e+00 3.849608314380698615e-01 4.457900008864926905e-03 -1.152255792259625038e-02 2.989524585540204778e-03
1.020403333558254566e+01 3.791152002704638591e-01 4.401657235131195556e-03 -1.003550865389174762e-01 3.503742923442931291e-03
1.060419174366611017e+01 3.679320907014733688e-01 4.787313102708807243e-03 -1.978950553335061535e-01 4.684859514750427598e-03
1.100435015174967646e+01 3.413445660528493519e-01 5.835535452214643537e-03 -3.212595104144890801e-01 7.084922766294753788e-03
1.133781751533544124e+01 2.820154392527155496e-01 7.969022399107156263e-03 -4.782718093616858956e-01 1.162920370789154861e-02
1.180466696791680725e+01 1.534785322795461093e-01 1.186414332340018397e-02 -6.669591457201402562e-01 1.995021000602312938e-02
1.207144328700477054e+01 -1.324830491817188260e-01 2.896804395366274487e-02 -1.052853042340895717e+00 5.248415366566805407e-02
1.253829273958613832e+01 -7.703616892670626104e-01 8.970851734918944276e-02 -1.033722518371052557e+00 9.015936156354541209e-02
1.307183930721368448e+01 -1.518633287341691673e+00 2.341183301250361615e-01 1.920501757415130073e-01 7.125556736255010681e-02
1.333860955575326734e+01 -8.972595307359689798e-01 1.115999279872388478e-01 1.138520654097943341e+00 1.067352553149762684e-01
1.373876796383683363e+01 -1.641048181960080843e-01 3.352045093741964910e-02 1.097989375544025092e+00 5.333650845863527334e-02
1.420561741641820142e+01 1.772213831011167917e-01 1.536260915596166475e-02 7.416661530008217262e-01 2.188473743464844010e-02
1.460577582450176770e+01 3.009176229159350457e-01 8.772378755430286848e-03 4.509914656777804232e-01 9.625226144728707064e-03
1.493924318808753071e+01 3.423399887902738303e-01 6.612633025322250946e-03 3.209374108102986956e-01 6.091010918919874222e-03
1.540609264066889672e+01 3.720800356939989451e-01 5.313864133898753804e-03 2.052346179367113832e-01 4.011974554361483550e-03
1.567286288920848314e+01 3.767860434285701388e-01 4.596116704393518257e-03 1.056207441242652950e-01 2.985354463453839934e-03
1.607302129729204765e+01 3.834111281910657087e-01 4.383530261736891774e-03 -6.061775217243163712e-03 2.904467943421194017e-03
1.640648866087781244e+01 3.793987162196891805e-01 4.342100783547578162e-03 -9.282399231367502446e-02 3.393980186969226993e-03
1.680664706896137872e+01 3.727360494332449536e-01 4.704250078582674320e-03 -1.961228353774199795e-01 4.604128622320772905e-03
1.720680547704494501e+01 3.508768517563026212e-01 5.562688591645024300e-03 -3.145788785132709320e-01 6.711020067864866337e-03
1.760696388512850774e+01 2.823058343638649159e-01 7.674694414864794562e-03 -4.747643528466696794e-01 1.137166261961939685e-02
1.800712229321207403e+01 1.670466628865198144e-01 1.162455135312963524e-02 -6.465603523606983094e-01 1.942023181619157920e-02
1.847397174579344181e+01 -1.309505331280447216e-01 2.614463770409157853e-02 -8.985774018562768806e-01 4.174010138398626807e-02
