0.000000000000000000e+00 -5.888498058847693173e-01 5.292464675185256512e-02 -1.038765079942216563e+00 5.583576039167574556e-02
2.672713611923320798e-01 -2.027686245452047231e+00 2.441183718140367831e-01 -3.145991497351072197e-01 5.283146643724331154e-02
6.681875259081655472e-01 -1.166215456657460514e+00 1.130895247183585223e-01 9.345713891136302465e-01 7.091783827520697914e-02
1.069091526720882701e+00 -2.999788825048608221e-01 3.116902816871518211e-02 8.650970792069833104e-01 3.339619212346511129e-02
1.470007691436716390e+00 6.621528526288700256e-02 1.443905432362435452e-02 6.949655172469664244e-01 1.747478343731356451e-02
2.004550413821379440e+00 2.501635249974289987e-01 8.593955084494784777e-03 4.806526694789082788e-01 8.715683722617762613e-03
2.338644176775461325e+00 3.051016594238402657e-01 6.040245467565587452e-03 3.157240864924637513e-01 4.836518977955222599e-03
2.739554259539738190e+00 3.380311773885223969e-01 4.925924341974322052e-03 2.093296945966649503e-01 3.149869892595963741e-03
3.073641940542262141e+00 3.640392704838231741e-01 4.343881069190284536e-03 1.163546323307577818e-01 2.324936852668730430e-03
3.474552023306539006e+00 3.767484654902926167e-01 4.169753522973510852e-03 2.677528968436437493e-02 2.150330858646142679e-03
3.875462106070814094e+00 3.739593021454438171e-01 4.141421327306770393e-03 -7.803709697305408199e-02 2.670832502085487489e-03
4.343194590596841209e+00 3.563993542146301485e-01 4.231424342952739247e-03 -1.731658645924308293e-01 3.519869793552783069e-03
4.677282271599366048e+00 3.320206181785049226e-01 4.761235442805154469e-03 -2.828376047818645933e-01 5.060210654425875351e-03
5.145008674173834784e+00 2.770672303445936846e-01 5.839023568113725811e-03 -3.950098915050141435e-01 7.411581094149455144e-03
5.479102437127917113e+00 1.605855498498568457e-01 8.960884412678091909e-03 -5.648878810661507321e-01 1.276690570835656985e-02
5.946828839702386738e+00 -6.656455962915419633e-02 1.730655561392695566e-02 -7.821405850154183881e-01 2.399330194853984896e-02
6.280922602656469067e+00 -6.801722244740875389e-01 5.775672697009274353e-02 -1.084224889536869796e+00 5.909539133030371205e-02
6.681832685420744156e+00 -1.906066757449514260e+00 2.330460321166044346e-01 -6.781404149423183592e-01 8.182058596689849306e-02
7.082742768185021021e+00 -1.404831429740637017e+00 1.603525394139646565e-01 9.924114335135348908e-01 9.334463246270387204e-02
7.416836531139103350e+00 -3.341929258142486425e-01 3.789057627812329743e-02 9.740140389969155210e-01 4.352497610533213185e-02
7.750924212141628189e+00 6.781968214835232267e-02 1.576109334104215665e-02 7.335799606060124933e-01 1.957829719657303361e-02
8.218656696667654415e+00 2.272056859593778455e-01 9.232962763167838760e-03 5.209487178564763399e-01 9.942352489749426564e-03
8.619566779431929504e+00 3.114249070242259276e-01 6.615017531483204614e-03 3.579106164508994992e-01 5.588394565506741261e-03
8.953654460434455231e+00 3.482879758720842100e-01 5.301061657524144648e-03 2.348038106992482166e-01 3.534485536925390838e-03
9.354564543198730320e+00 3.703831711849061570e-01 4.580097665421571131e-03 1.343673026049765629e-01 2.468075829671043803e-03
9.755474625963007185e+00 3.751632831437961002e-01 4.131478359536839597e-03 3.809084428111148002e-02 2.124558883844066860e-03
1.008956838891709040e+01 3.762568136539135577e-01 4.110971046282285019e-03 -5.493521007818188973e-02 2.441892442322245432e-03
1.049047847168136549e+01 3.640802376828171094e-01 4.298392500285357250e-03 -1.434592652057294082e-01 3.260589539301199120e-03
1.095820487425583423e+01 3.400201469189627623e-01 4.718350795420216300e-03 -2.568484070380213091e-01 4.688526903625668367e-03
1.129229863720991744e+01 2.892919930825044172e-01 5.722203756804338307e-03 -3.847532277690482450e-01 7.198331941329662309e-03
1.176002503978438618e+01 1.998470091254070935e-01 8.275296589622399210e-03 -5.383882238688462163e-01 1.185021526247750576e-02
1.209411880273846762e+01 3.401709506666927840e-02 1.348370366083544158e-02 -6.770975659686990777e-01 1.898678700975130890e-02
1.256184520531293813e+01 -4.633894186710514340e-01 4.311405720706923406e-02 -1.004258544433843658e+00 4.929721882242826814e-02
1.289593896826701958e+01 -1.495563796905968079e+00 1.544753179531146159e-01 -7.532661257513004749e-01 7.070177992527564015e-02
1.336366537084148831e+01 -1.465720655103956105e+00 1.642439107787631025e-01 7.545997790990345289e-01 7.387362986738524318e-02
1.376457545360576340e+01 -4.600878878673115846e-01 4.879411002907396711e-02 1.041479232012956002e+00 5.377965452201512175e-02
1.403184681479809726e+01 3.655871065670368569e-02 1.743097417693627305e-02 7.836643309781222699e-01 2.227495866183193396e-02
1.449957321737256599e+01 2.157246741081952912e-01 1.013049278477047392e-02 5.523485475605277584e-01 1.120619518557933875e-02
1.490048330013684108e+01 3.029582797024465979e-01 6.936134964489677410e-03 3.819024087655476518e-01 6.111027912935902001e-03
1.523457706309092252e+01 3.345375332803914303e-01 5.378651584378072760e-03 2.605358655180202709e-01 3.804040415493068622e-03
1.563548714585520116e+01 3.647662342055613682e-01 4.553838082816155132e-03 1.451127568787323463e-01 2.519091334618361010e-03
1.590275850704753147e+01 3.742529091926145024e-01 4.216612579651902656e-03 5.656608515805901238e-02 2.149671657514727260e-03
1.630366858981180656e+01 3.738771293854949440e-01 4.047693497054928244e-03 -3.478627267040412113e-02 2.319901972201126109e-03
1.670457867257608342e+01 3.646124602523640457e-01 4.094936769768612109e-03 -1.274001754743679660e-01 3.006365975124897054e-03
1.717231115710210787e+01 3.444795720124986804e-01 4.626944858737956634e-03 -2.433658293521088478e-01 4.504636319527619871e-03
1.750639883810463360e+01 3.038004221638149760e-01 5.504665372794577058e-03 -3.595376874024839298e-01 6.606383799041320483e-03
1.797413132263066160e+01 2.201499221635899728e-01 7.408928705392306586e-03 -4.948964293042111273e-01 1.018414751307884433e-02
1.837503532344338097e+01 5.872759961812801244e-02 1.228468643489011650e-02 -6.656486926164542073e-01 1.749354830613919845e-02
1.870912908639746064e+01 -3.500642299990357476e-01 3.296387989799560991e-02 -8.986817137504654607e-01 3.801651385599189026e-02
1.904322284935154386e+01 -1.397260776048456776e+00 1.467972882110852029e-01 -8.924600909884691236e-01 8.076758291807041579e-02
1.951094925192601082e+01 -1.601123058697004886e+00 1.809845493255633209e-01 7.741633086570295363e-01 7.796673303482939965e-02
1.984504301488009759e+01 -5.516696441392270334e-01 5.163745492094764383e-02 1.018162244616714007e+00 5.188790808013324374e-02
2.024595309764437445e+01 -4.234239779778103951e-03 1.929734383581105384e-02 8.326137612353041728e-01 2.522330454060487184e-02
2.064686318040864776e+01 1.975036331495567676e-01 1.050280825462233253e-02 5.871587112427399946e-01 1.204453102983789152e-02
2.098095086141117349e+01 2.812222538635200664e-01 6.440208258802317468e-03 3.590388255386111616e-01 5.575369466178711243e-03
2.138186094417544680e+01 3.260560336624850897e-01 5.260370395381729416e-03 2.533910499260720872e-01 3.680552695296423430e-03
2.178277102693972367e+01 3.565246239537666617e-01 4.476533005888612068e-03 1.455010404989770800e-01 2.468900198887978136e-03
2.225049742951419063e+01 3.699202053758163244e-01 4.011821368286948297e-03 3.626785683179339220e-02 2.004461240140703246e-03
2.258459119246827385e+01 3.734508433094276270e-01 3.975464911834650054e-03 -6.375852896557920868e-02 2.463254221033786984e-03
2.305231759504274436e+01 3.651890105676447451e-01 4.093662569617277473e-03 -1.473318665960395846e-01 3.165687050665606187e-03
2.338641135799682758e+01 3.525538132476770392e-01 4.689649332937311128e-03 -2.637919707094067978e-01 4.739918046203367603e-03
2.378732144076110444e+01 3.168709702336730549e-01 6.353431144042989004e-03 -4.369265448412227304e-01 8.403171530676333684e-03
2.425504784333557140e+01 1.863191450147021477e-01 8.853608804952306857e-03 -5.757436430933476901e-01 1.296668404986198175e-02
2.465595792609984827e+01 1.223219051685986436e-03 1.575854944542184194e-02 -7.560402046509022700e-01 2.293631874047829394e-02
