0.000000000000000000e+00 1.028008111842867889e+00 5.049162219034251248e-02 5.524413009388934315e-02 1.991374098652600247e-02
2.076326942872004366e-01 9.136186994247841309e-01 3.860911868760193155e-02 7.303608336119454814e-02 1.592162486806047647e-02
6.228854837903483599e-01 9.153325217878495179e-01 3.866171344985110808e-02 6.552648778779682215e-02 1.597784172866971095e-02
1.107344971698809744e+00 8.654242434415624352e-01 3.453170940672170564e-02 1.902575855931180893e-02 1.453121337012125945e-02
1.591804459607272904e+00 7.529997138693762526e-01 2.812609903841257336e-02 2.981094892071522659e-02 1.291469193305792504e-02
2.007057249110419495e+00 8.419425524108660186e-01 3.302427078050509252e-02 -4.850248144865301064e-02 1.397653113555548908e-02
2.422310038613567418e+00 8.533823543124137156e-01 3.467746501655574742e-02 -7.481353121316215715e-02 1.447729454073275537e-02
2.837562828116714009e+00 8.963495051229753985e-01 3.980924536980251505e-02 -1.285332138689392334e-01 1.715433214314263446e-02
3.183608919214545807e+00 9.269530532046033056e-01 4.173809928163484811e-02 -1.502965823611232821e-01 1.805721626874135302e-02
3.529648710776750242e+00 1.029137399321401469e+00 5.432204260850093808e-02 -1.364264722059321810e-01 2.212253272731178749e-02
4.014114498220840765e+00 1.174589599550094787e+00 6.874416303609169610e-02 -1.726255402094032110e-01 2.694584491928193881e-02
4.360154289783045201e+00 1.312146497315179294e+00 8.547868231423845498e-02 -6.892434662676714952e-02 2.977310913135447490e-02
4.706200380880876999e+00 1.150090462843589290e+00 6.832367739252954986e-02 -3.153644047634268643e-02 2.703880506353320209e-02
5.121453170384023146e+00 1.106659756175837339e+00 6.142116335779374686e-02 6.747023349057096331e-02 2.420188426970880380e-02
5.605912658292485418e+00 1.191571249449029146e+00 7.169850181893747121e-02 1.901192172675287839e-01 2.835580930954603035e-02
6.021165447795633341e+00 9.922660109116147042e-01 4.850727344967299681e-02 1.391748492774151080e-01 2.012995148470224024e-02
6.297998540952521651e+00 9.463474716936272069e-01 4.386136447427749913e-02 1.081298856637144395e-01 1.830311760199994364e-02
6.782464328396613062e+00 9.367415423090258431e-01 4.016252621319649219e-02 7.153563576827398629e-02 1.598682908830980492e-02
7.197717117899759209e+00 8.595151254215256387e-01 3.246515772664089472e-02 8.342563444017826735e-02 1.321087467534516613e-02
7.612969907402906244e+00 9.560140427791329332e-01 3.887181033489885140e-02 4.358016033081058699e-02 1.441178712690971767e-02
7.959009698965110680e+00 9.507308650763399704e-01 3.976783098635314900e-02 -8.798172144203866884e-04 1.458551956874369095e-02
8.443475486409200315e+00 9.706676945159434799e-01 4.294967278609897188e-02 -4.068911563624182104e-02 1.567477587129100305e-02
8.858728275912346461e+00 9.495711757313186618e-01 4.094205244450662556e-02 -1.129290813816243438e-01 1.601352425720717343e-02
9.273974765879867022e+00 8.993462925146019638e-01 3.922731744185616737e-02 -1.104482497710038008e-01 1.628177862460204739e-02
9.758440553323957545e+00 9.712915456648649748e-01 4.636722951653154262e-02 -1.461704985720191086e-01 1.943380799641529488e-02
1.010448034488616109e+01 1.012027294449715509e+00 5.088853824904415735e-02 -1.202706990658284070e-01 2.078750894946948188e-02
1.051973313438930724e+01 1.090226858270910704e+00 6.118404117392458458e-02 -1.223620106509415023e-01 2.527181792737544230e-02
1.093498592389245516e+01 1.300704055134267456e+00 8.161875020027518912e-02 -8.996619817211884418e-02 2.921161493763308262e-02
1.141945171133654569e+01 1.496095839294875773e+00 1.065954455298576825e-01 6.326388599178472960e-02 3.369339483613587038e-02
1.176549150289874923e+01 1.344756823335983231e+00 8.634602883888098379e-02 1.373827480433937043e-01 2.985917814978852544e-02
1.211153759399658014e+01 1.157445944206248578e+00 6.668798595924659012e-02 2.473174586563638422e-01 2.808741687292553441e-02
1.252679038349972807e+01 1.012175888562276693e+00 5.147997774324732795e-02 2.943298934120946453e-01 2.513626085184574033e-02
1.301124987140819123e+01 8.837374823598120877e-01 3.749326550271633168e-02 2.280107372537164834e-01 1.797451314487315613e-02
1.335729596250602391e+01 8.352730999571457149e-01 3.246265581929350108e-02 1.797696414909201179e-01 1.504969224420063013e-02
1.377254875200917006e+01 7.609733021906147643e-01 2.580977525897360306e-02 9.460029974163743083e-02 1.131129338042501965e-02
1.411859484310700097e+01 7.223791302749933418e-01 2.253001633046994995e-02 3.300289394775048069e-02 9.590218238067788753e-03
1.453384133307451975e+01 7.741320801445935595e-01 2.553947567710159253e-02 -2.299170616664132291e-02 1.038824813374490154e-02
1.494909412257766590e+01 7.726053136081378891e-01 2.641269833804381351e-02 -6.058930953270753178e-02 1.111429048893558709e-02
1.543355991002175642e+01 8.363546762290182679e-01 3.245640451683443756e-02 -1.134728463036230317e-01 1.422274920045072354e-02
1.577959970158396175e+01 9.113159175896787811e-01 4.011508341649781817e-02 -1.740892072694327219e-01 1.861071840940330818e-02
1.619485249108710789e+01 9.419582058758204646e-01 4.634332419086808347e-02 -1.101827633713762383e-01 2.012963085699905064e-02
1.667931827853119842e+01 9.834931544405685067e-01 5.248709287926019151e-02 -1.766365453467241275e-01 2.411719282076795617e-02
1.709457106803434456e+01 8.939382607997337082e-01 4.639465032816787043e-02 -1.095818556872698996e-01 2.230007801453637653e-02
1.750982385753749426e+01 8.362934441733624880e-01 4.255743573385151884e-02 -2.971892720756590112e-02 2.136243017494967103e-02
1.785586364909969959e+01 7.477809602892273588e-01 3.182531178309564585e-02 -1.361301109354408692e-02 1.697209934601292408e-02
1.827111643860284573e+01 8.825553804275418912e-01 4.366360328598015150e-02 6.389186580463036835e-02 2.149884418196428698e-02
1.875557592651130534e+01 9.348150200460525472e-01 4.563496610492871752e-02 5.312512500547326988e-02 2.080831822384863333e-02
1.910162201760913803e+01 9.273790998306810085e-01 4.255707925041687933e-02 6.759880338364633590e-02 1.835008267163644805e-02
