0.000000000000000000e+00 9.681175405428587011e-01 4.725766378949462082e-02 -9.331361729663764995e-03 1.864541411089933390e-02
2.481374249314809433e-01 9.308431568389654576e-01 4.186165779417126698e-02 1.267515388078144060e-02 1.784032363736957894e-02
6.823849767429628344e-01 9.397567766776675491e-01 4.260755529980019690e-02 9.559826083568589983e-03 1.868555124957496996e-02
1.054593937412741322e+00 9.002481817685610288e-01 3.929583975882265656e-02 3.408798164099804268e-02 1.774487884110972913e-02
1.426802898082518700e+00 9.752270916915715127e-01 4.674462996449154500e-02 -3.456124227932384860e-03 1.984602755774112631e-02
1.799011858752296078e+00 9.249483676911360863e-01 4.358809767809720959e-02 -1.603241474000086444e-02 1.838868312123499021e-02
2.047149283683778354e+00 9.600697259087379587e-01 4.793803578294520557e-02 1.151203400169598101e-02 1.885237019079070292e-02
2.481391188950148763e+00 9.177388531658070558e-01 4.314921289254696618e-02 -1.184449110480149774e-02 1.741043480001560825e-02
2.853600149619926363e+00 9.703250001906431610e-01 4.838133144041323330e-02 1.223483044873080461e-02 1.876270681123527739e-02
3.225809110289703519e+00 9.525335691102897462e-01 4.570000959157613507e-02 -7.409588251440116062e-03 1.897842260805716538e-02
3.535985126362889641e+00 9.107829064839557676e-01 4.018312449970677658e-02 -5.169778987466715908e-03 1.755888386035716481e-02
3.970227031629259606e+00 9.162933715997763073e-01 4.135840634515852016e-02 -7.664050973380832910e-04 1.847037770161848863e-02
4.218364456560741438e+00 9.501401075767104132e-01 4.413190416436550689e-02 5.164520838784041057e-03 1.817194139401259040e-02
4.652612008372223329e+00 9.312055744979370608e-01 4.484223538961942118e-02 2.162142143691573540e-03 1.841840650505268545e-02
5.024820969042000485e+00 9.660520946888069282e-01 4.987348598450810910e-02 1.099832994245911362e-02 1.911076602090546264e-02
5.397029929711778529e+00 8.855432475235944789e-01 4.269533855412011719e-02 -1.201158199755851183e-02 1.744976941741015544e-02
5.769238890381557461e+00 9.585529094644483772e-01 4.881188256000486975e-02 1.468041965872101534e-02 1.857241698187544685e-02
6.141447851051334617e+00 9.632009393605898140e-01 4.820688124782807754e-02 1.412339172276473554e-03 1.865789562594331180e-02
6.513656811721111772e+00 8.744403599747392342e-01 3.878598097241511139e-02 2.811785124170805821e-03 1.708336364693478771e-02
6.823827181249185969e+00 9.647271867604048090e-01 4.558746207949353202e-02 -1.068470466684919538e-02 1.956732151897924016e-02
7.258074733060667860e+00 9.007370997188626216e-01 3.912572837318951946e-02 2.418136431033733949e-02 1.790940581942827500e-02
7.568245102588742057e+00 9.346001932031156034e-01 4.287134689117803182e-02 5.837756169535266403e-03 1.892161257219261705e-02
8.002487007855112466e+00 9.626273839088610451e-01 4.639278598412466953e-02 -1.160755013627829367e-02 1.964760653233468476e-02
8.250630079331704891e+00 9.119111725744202257e-01 4.409657466512191537e-02 3.139223976872614064e-03 1.856446080164229212e-02
8.622839040001482047e+00 8.870831760008354161e-01 4.110550382620838800e-02 -8.655741754644010258e-03 1.715545698069085093e-02
8.933009409529557132e+00 9.442920459928096921e-01 4.649535862357823124e-02 2.074257240395426579e-03 1.841965648589186794e-02
9.305218370199334288e+00 8.914932258458511116e-01 4.157979271158318557e-02 2.717089745092644143e-02 1.772876562980697443e-02
9.615394386272519966e+00 9.684127294881065273e-01 4.624748931242059907e-02 -8.700591262469121664e-03 1.881198189519471542e-02
9.987603346942297122e+00 9.105707779369967003e-01 4.080988796463021900e-02 -2.401237280963448156e-02 1.829849539302077707e-02
1.042184525220866753e+01 9.276373861642457364e-01 4.157644256024346785e-02 -2.065651809633360300e-02 1.831489045907320687e-02
1.073202126828185321e+01 8.860097322577636936e-01 3.856602487938014939e-02 -1.225664779991199153e-02 1.702042653040902048e-02
1.110423022895163037e+01 9.450936236894886822e-01 4.589211338681845054e-02 -9.337857778355659411e-04 1.896173644921901949e-02
1.147643918962140930e+01 9.243537597942346196e-01 4.646889112713981779e-02 -1.129374761063836087e-02 1.885312060873932730e-02
1.178660955914948261e+01 1.001364686704319107e+00 5.457887863347534591e-02 -1.269443688436397953e-02 1.997947418996691427e-02
1.215881851981925976e+01 9.377882008599480734e-01 4.755153231027874766e-02 -2.622793169401418240e-02 1.871847832601480216e-02
1.240696159129585396e+01 9.678399965734539867e-01 4.811978817471354586e-02 -1.976046355422363468e-02 1.881302717681727563e-02
1.284120349656222260e+01 9.504551414481247074e-01 4.525710245228232315e-02 -1.054389820158458009e-02 1.887338953327356503e-02
1.315137951263540828e+01 9.580840026105669205e-01 4.402339656124684697e-02 5.665160843807310297e-03 1.917164361713938336e-02
1.352358847330518721e+01 9.240462466539131059e-01 4.165806903526401983e-02 3.931318768823014419e-03 1.926140247457857127e-02
1.383375884283326052e+01 1.013065295294664159e+00 4.993734896553238961e-02 7.181815618550932076e-03 2.069483225328353285e-02
1.420596780350303767e+01 9.794904215587743046e-01 4.703605872508768299e-02 3.636839998256872781e-03 1.991493569301647573e-02
1.464020970876940986e+01 1.006132124665451766e+00 4.772729551285139621e-02 2.392987975046241729e-03 1.978108637097892794e-02
1.495038572484259554e+01 9.404744351191560714e-01 4.265639127081983367e-02 -9.560009874849539555e-03 1.845282894528805367e-02
1.532259468551237269e+01 9.499518971793288191e-01 4.461417177008161067e-02 2.482594523720112710e-03 1.818773478314146194e-02
1.563277070158555837e+01 9.519821515342233864e-01 4.681466868733967501e-02 7.411500091224963033e-03 1.782058063256975258e-02
1.600497966225533730e+01 9.634843657037260867e-01 4.939066525879368119e-02 2.450363763431969918e-02 1.723543510917011426e-02
1.637718862292511446e+01 9.785078239222970709e-01 5.171352356862616434e-02 -1.207852156012407347e-03 1.771117920891199585e-02
1.674939758359489161e+01 1.025714913368333203e+00 5.492829532701429956e-02 1.799090033275142081e-02 1.906342052563167813e-02
