-4.587009907577667356e+00 6.087467685855119104e-01 3.834456470414612100e-02 -5.378776983061155370e-01 9.832724492952903475e-03
-4.318991052138652087e+00 6.604582824387184026e-01 5.319741644570021022e-02 -7.329216169305600159e-01 1.652498793771395996e-02
-4.050975246145604558e+00 7.026344403794686500e-01 1.128151216121614925e-01 -1.066884683772578946e+00 3.367652874461538742e-02
-3.749455177318950838e+00 1.092823134900420712e+00 7.991260924261114895e-02 -1.353589176682788775e+00 6.266072223441039590e-02
-3.514940584713541760e+00 2.087572508718166020e+00 1.407995559729009194e-01 -2.224012456093960921e+00 2.621177432628123416e-01
-3.246921729274527824e+00 5.506946633158392501e+00 8.668317277022494771e-01 -1.678163403797086506e+00 7.116783217216114954e-01
-2.911900447060234320e+00 -1.530733822699420266e+00 nan 4.817108978361951621e+00 1.304194180504757661e+00
-2.643881591621219940e+00 9.009926470016076383e-01 3.358594710568107988e-01 1.885339550623932325e+00 1.278954858641362657e-01
-2.375862736182205559e+00 2.854380032729547656e-01 nan 1.261505070303829079e+00 4.670565566276390496e-02
-2.141348143576796925e+00 5.453952070261497420e-01 3.077100884957550964e-01 8.912645884553792586e-01 2.325613336547622395e-02
-1.806326861362503644e+00 5.484809171137997597e-01 1.261475403268551565e-01 6.387590847651472004e-01 1.285454249299846502e-02
-1.538308005923489485e+00 4.746800701251714938e-01 nan 4.719527450927376022e-01 8.119107115976858732e-03
-1.270289150484475105e+00 4.218747752248852567e-01 nan 3.657213414792919726e-01 6.001852836832279915e-03
-1.002273344491427132e+00 5.462043520181896206e-01 2.906742618315992857e-02 2.727082988389820106e-01 4.528627087260381559e-03
-7.342544890524126400e-01 4.563766868547456945e-01 nan 1.834586595427344646e-01 3.373358435926099817e-03
-4.662386830593647224e-01 4.391627452867006287e-01 nan 1.225829596766136176e-01 2.942095894687721952e-03
-1.982198276203503140e-01 4.823548097522213918e-01 nan 3.983446685047613983e-02 2.621500581312259746e-03
6.979902781866410832e-02 4.659639004944476914e-01 nan -3.055378002223677752e-02 2.535912104705270904e-03
3.378148338117120675e-01 4.949849031340564087e-01 nan -9.629664771570212167e-02 2.780562137784439551e-03
6.058336892507265592e-01 4.905417955598676549e-01 nan -1.695375975224218956e-01 3.330143369659164208e-03
8.738525446897408289e-01 4.317063533910759365e-01 nan -2.422692090874073723e-01 4.079074005963988225e-03
1.175372613516394660e+00 5.648373511271147507e-01 2.654100560364263187e-02 -3.284746375367305071e-01 5.305318907564623987e-03
1.443388419509442633e+00 4.422026675684816999e-01 nan -4.503766612953279957e-01 7.572275003968894497e-03
1.711407274948457014e+00 5.436680408825356192e-01 1.115671309019680979e-01 -5.791951169909016484e-01 1.090900381081819775e-02
2.012927343775110955e+00 5.802007006201336248e-01 1.248193126850386248e-01 -7.865424673251788512e-01 1.829393403316435102e-02
2.247441936380519145e+00 7.371435241142145767e-01 9.301375250168149311e-02 -1.046016518411226448e+00 3.318294217719314904e-02
2.548962005207172865e+00 8.245882757404927599e-01 2.281533451982500904e-01 -1.573863788535994734e+00 8.105856451222157033e-02
2.850482074033827029e+00 1.976688326113845040e+00 2.565452877542294674e-01 -2.571144194998486565e+00 3.507687157372252895e-01
3.118500929472841854e+00 -1.551787351723001152e+01 nan 8.151572111813175425e+00 2.069043856940938753e+01
3.386516735465888939e+00 2.187232585298489185e-01 nan 3.983614266511642299e+00 9.247065851185196639e-01
3.621031328071298017e+00 5.958814124419578029e-01 1.524786408015172956e+00 1.933897093757207086e+00 1.319952722349167218e-01
3.922551396897952181e+00 6.154509320146028806e-01 2.818532169638370832e-01 1.206300312379992024e+00 4.311411525156131491e-02
4.224071465724605901e+00 6.614798394037232354e-01 7.197102181658648901e-02 8.284900514459964116e-01 2.062589779136109192e-02
4.492090321163619393e+00 6.273850161433383033e-01 4.329610408754595158e-02 6.110151971542747695e-01 1.203124780897445352e-02
4.760109176602634662e+00 4.709637604311803227e-01 nan 4.846576657871969340e-01 8.510352503074979785e-03
