-4.575259175437975223e+00 8.342424383483750816e-01 1.432299624009802062e-02 -4.742996926975628913e-01 1.270361980452530508e-02
-4.274661073878117001e+00 9.571917768073503474e-01 2.169536814755429477e-02 -5.931027137304617503e-01 1.918210468342275085e-02
-4.007461748006605262e+00 1.209052841011827528e+00 3.935991223652105658e-02 -8.222306300089829989e-01 3.471673629944199702e-02
-3.740265462256674667e+00 1.473285429989880324e+00 6.675387357179127235e-02 -8.318668179235922944e-01 4.883539866151243025e-02
-3.473066136385163372e+00 2.050763065882296843e+00 1.297581645198506162e-01 -6.692811788157075892e-01 5.947911232386302038e-02
-3.205869850635232332e+00 2.542945268631928712e+00 2.119007072940638503e-01 -1.749522785792571311e-01 5.338316976474734993e-02
-2.938670524763720593e+00 2.279763658066309873e+00 1.692216253918890356e-01 7.543073285078037982e-01 7.520071725257275463e-02
-2.604673647515516777e+00 1.726100436817002093e+00 9.128379151885179787e-02 9.178382012523892408e-01 6.131735216785515891e-02
-2.337474321644005038e+00 1.203150629639979874e+00 4.188194178348933483e-02 8.032025419022175150e-01 3.638869003786947276e-02
-2.103676811582420036e+00 9.774291961501909709e-01 2.435278900388411147e-02 6.726013189419306482e-01 2.288771698556749112e-02
-1.836477485710908519e+00 8.551308420395986598e-01 1.685634906364768398e-02 5.811168234874742877e-01 1.647770955784020469e-02
-1.535879384151050742e+00 7.337792740044233319e-01 1.081235035051001693e-02 4.084636981166545611e-01 9.953833859508407628e-03
-1.235281282591192964e+00 7.002649001284003694e-01 8.907392648599814569e-03 3.268767494811134489e-01 7.651979764153915217e-03
-1.001483772529608185e+00 6.813675265804606251e-01 7.789575626343100620e-03 2.566878544255974393e-01 6.158759860043289819e-03
-7.342844466580964458e-01 6.647162643068259547e-01 6.875327962871128837e-03 1.819056363723592917e-01 4.930419525914611460e-03
-4.670881609081657948e-01 6.563250451577140598e-01 6.352254506028632945e-03 1.102324007975365727e-01 4.159744657716579058e-03
-1.664900593483079616e-01 6.539569926479671391e-01 6.143450009318721962e-03 3.953810686061452057e-02 3.813009455817594189e-03
1.007092665232037637e-01 6.533955314322358321e-01 6.117507947514780504e-03 -2.692944355278840615e-02 3.732602307693118609e-03
3.679085923947154613e-01 6.566315525236080530e-01 6.223838009503932997e-03 -8.233252325531198457e-02 3.923938902729656730e-03
6.017061024563001848e-01 6.603679438354640441e-01 6.540719583649405242e-03 -1.439145537827560273e-01 4.450182762413751499e-03
8.689054283278118129e-01 6.807678387088724747e-01 7.313471023527717309e-03 -2.121920686980343085e-01 5.401747462493524526e-03
1.169503529887669480e+00 6.911414907841854083e-01 8.104254041269368103e-03 -2.748810539336828951e-01 6.497262138857215832e-03
1.436699815637600297e+00 7.505712572404708016e-01 1.086272607362205947e-02 -4.028894272370718288e-01 9.730632067158621890e-03
1.703899141509112036e+00 8.334997320604198290e-01 1.468908523230426193e-02 -4.860239361333510422e-01 1.317131208038788484e-02
2.004497243068969592e+00 9.546474442766257340e-01 2.174822487029850343e-02 -6.072168455595978731e-01 1.954482520461496911e-02
2.238294753130554149e+00 1.169427777749936004e+00 3.616916309140182084e-02 -7.528183094143600096e-01 3.086949964570446028e-02
2.538892854690412371e+00 1.565525653537465312e+00 7.067893850455590765e-02 -9.444009875784105112e-01 5.349487349302175371e-02
2.806092180561924110e+00 2.415520251043473898e+00 1.878440305201855010e-01 -8.896617977019609658e-01 8.836151294945723822e-02
3.106690282121782332e+00 2.589440355877631550e+00 2.240454743333648580e-01 -6.168458608239199559e-02 5.381707787454512865e-02
3.373886567871712483e+00 2.346736710998221564e+00 1.868327013665246616e-01 7.808653055040321034e-01 8.293459166289585127e-02
3.607684077933297040e+00 1.808234011226891536e+00 1.023391383881650241e-01 9.259580999344684260e-01 6.577954685592214690e-02
3.908282179493155262e+00 1.264296767046830805e+00 4.626990381954315668e-02 8.878581884209626462e-01 4.118719809405473053e-02
4.175481505364667001e+00 1.009538221672035441e+00 2.539874114214452777e-02 6.932147410285952605e-01 2.371357313125998720e-02
4.476079606924524334e+00 8.300150127457386340e-01 1.610385970669613379e-02 5.449669143514920266e-01 1.547513994673474676e-02
4.743278932796036962e+00 7.499416047566606069e-01 1.155538210395903181e-02 4.184442248563302047e-01 1.050236845957154379e-02
