-4.587009907577667356e+00 4.853329717901954110e-01 5.931857881948213694e-03 -5.378776983061155370e-01 9.832724492952903475e-03
-4.318991052138652087e+00 4.904472671060488009e-01 8.941440880886820236e-03 -7.329216169305600159e-01 1.652498793771395996e-02
-4.050975246145604558e+00 4.682230370655815488e-01 1.539461888916511534e-02 -1.066884683772578946e+00 3.367652874461538742e-02
-3.749455177318950838e+00 4.470417906032770894e-01 2.607321361039705368e-02 -1.353589176682788775e+00 6.266072223441039590e-02
-3.514940584713541760e+00 2.970474831512373015e-01 8.034994822728037944e-02 -2.224012456093960921e+00 2.621177432628123416e-01
-3.246921729274527824e+00 3.009598767513921302e-01 2.992305078654763917e-01 -1.678163403797086506e+00 7.116783217216114954e-01
-2.911900447060234320e+00 1.955872753709861911e-01 2.042084967139532470e-01 4.817108978361951621e+00 1.304194180504757661e+00
-2.643881591621219940e+00 4.965161648879017342e-01 4.434363782708573842e-02 1.885339550623932325e+00 1.278954858641362657e-01
-2.375862736182205559e+00 4.880267031636100761e-01 1.986541693024347632e-02 1.261505070303829079e+00 4.670565566276390496e-02
-2.141348143576796925e+00 4.933609348464051969e-01 1.160451143758825694e-02 8.912645884553792586e-01 2.325613336547622395e-02
-1.806326861362503644e+00 4.955960158528051607e-01 7.325786694330653666e-03 6.387590847651472004e-01 1.285454249299846502e-02
-1.538308005923489485e+00 4.943008110478833705e-01 5.197189153197299093e-03 4.719527450927376022e-01 8.119107115976858732e-03
-1.270289150484475105e+00 5.085788542897831110e-01 4.375413176416512347e-03 3.657213414792919726e-01 6.001852836832279915e-03
-1.002273344491427132e+00 4.997131394093181078e-01 3.655434077331717359e-03 2.727082988389820106e-01 4.528627087260381559e-03
-7.342544890524126400e-01 4.934926362695435387e-01 3.054981637958037542e-03 1.834586595427344646e-01 3.373358435926099817e-03
-4.662386830593647224e-01 5.002428674863507174e-01 2.933294823855432578e-03 1.225829596766136176e-01 2.942095894687721952e-03
-1.982198276203503140e-01 5.035875957260727009e-01 2.873979160390565876e-03 3.983446685047613983e-02 2.621500581312259746e-03
6.979902781866410832e-02 4.967845402212848760e-01 2.749056952666272414e-03 -3.055378002223677752e-02 2.535912104705270904e-03
3.378148338117120675e-01 4.960000304058209131e-01 2.842732464361082297e-03 -9.629664771570212167e-02 2.780562137784439551e-03
6.058336892507265592e-01 4.992076616113532705e-01 3.111007320089959581e-03 -1.695375975224218956e-01 3.330143369659164208e-03
8.738525446897408289e-01 5.015140022454653845e-01 3.432557627289087570e-03 -2.422692090874073723e-01 4.079074005963988225e-03
1.175372613516394660e+00 4.922343327930691070e-01 3.933362153927143744e-03 -3.284746375367305071e-01 5.305318907564623987e-03
1.443388419509442633e+00 4.919930281445378251e-01 4.906468344517289464e-03 -4.503766612953279957e-01 7.572275003968894497e-03
1.711407274948457014e+00 4.886072726891591556e-01 6.390663260504608756e-03 -5.791951169909016484e-01 1.090900381081819775e-02
2.012927343775110955e+00 4.828886169434126741e-01 9.501512986982844564e-03 -7.865424673251788512e-01 1.829393403316435102e-02
2.247441936380519145e+00 5.016474349585109405e-01 1.573204176900629830e-02 -1.046016518411226448e+00 3.318294217719314904e-02
2.548962005207172865e+00 4.538187675309801605e-01 3.061890047258072553e-02 -1.573863788535994734e+00 8.105856451222157033e-02
2.850482074033827029e+00 3.828824521907137068e-01 9.652721781142120649e-02 -2.571144194998486565e+00 3.507687157372252895e-01
3.118500929472841854e+00 1.426964661291663106e+00 3.597937872504778145e+00 8.151572111813175425e+00 2.069043856940938753e+01
3.386516735465888939e+00 5.652453399114012456e-01 1.855539590705672093e-01 3.983614266511642299e+00 9.247065851185196639e-01
3.621031328071298017e+00 4.991125852326687706e-01 4.480253621265513353e-02 1.933897093757207086e+00 1.319952722349167218e-01
3.922551396897952181e+00 4.670755875805863155e-01 1.857878634475855842e-02 1.206300312379992024e+00 4.311411525156131491e-02
4.224071465724605901e+00 4.933471862926122053e-01 1.066549573734048434e-02 8.284900514459964116e-01 2.062589779136109192e-02
4.492090321163619393e+00 4.866865829543482458e-01 6.940892573820059766e-03 6.110151971542747695e-01 1.203124780897445352e-02
4.760109176602634662e+00 5.024104590772808798e-01 5.466808824926195146e-03 4.846576657871969340e-01 8.510352503074979785e-03
