-4.575259175437975223e+00 7.536389777597676254e-01 1.945898177287149616e-02 -4.742996926975628913e-01 1.270361980452530508e-02
-4.274661073878117001e+00 9.137608285413998388e-01 1.969008095216540771e-02 -5.931027137304617503e-01 1.918210468342275085e-02
-4.007461748006605262e+00 1.039089694746683890e+00 3.226954233521784482e-02 -8.222306300089829989e-01 3.471673629944199702e-02
-3.740265462256674667e+00 1.475039496471612477e+00 2.579009308755294064e-02 -8.318668179235922944e-01 4.883539866151243025e-02
-3.473066136385163372e+00 1.908335792209854054e+00 4.310385018709719102e-02 -6.692811788157075892e-01 5.947911232386302038e-02
-3.205869850635232332e+00 2.353882795171111653e+00 8.299334869842019125e-02 -1.749522785792571311e-01 5.338316976474734993e-02
-2.938670524763720593e+00 2.071289632668935621e+00 5.443326031998901859e-02 7.543073285078037982e-01 7.520071725257275463e-02
-2.604673647515516777e+00 1.560217689373212480e+00 3.060876767356274925e-02 9.178382012523892408e-01 6.131735216785515891e-02
-2.337474321644005038e+00 1.195450026362055329e+00 2.490603021511544196e-02 8.032025419022175150e-01 3.638869003786947276e-02
-2.103676811582420036e+00 9.449950397840627403e-01 2.318036955881467437e-02 6.726013189419306482e-01 2.288771698556749112e-02
-1.836477485710908519e+00 7.946224538157825590e-01 2.397830500974218113e-02 5.811168234874742877e-01 1.647770955784020469e-02
-1.535879384151050742e+00 7.610317064965044231e-01 1.376137130826545277e-02 4.084636981166545611e-01 9.953833859508407628e-03
-1.235281282591192964e+00 7.151403461659922023e-01 1.174983974968849508e-02 3.268767494811134489e-01 7.651979764153915217e-03
-1.001483772529608185e+00 6.874641836208543744e-01 9.975813102292015178e-03 2.566878544255974393e-01 6.158759860043289819e-03
-7.342844466580964458e-01 6.611984354683138054e-01 8.377479051535303978e-03 1.819056363723592917e-01 4.930419525914611460e-03
-4.670881609081657948e-01 6.426079125931736247e-01 7.140082933864661668e-03 1.102324007975365727e-01 4.159744657716579058e-03
-1.664900593483079616e-01 6.361248272103443568e-01 6.252280990246359554e-03 3.953810686061452057e-02 3.813009455817594189e-03
1.007092665232037637e-01 6.352036338080737643e-01 6.179961324901094184e-03 -2.692944355278840615e-02 3.732602307693118609e-03
3.679085923947154613e-01 6.228030519237652829e-01 7.361732257460040438e-03 -8.233252325531198457e-02 3.923938902729656730e-03
6.017061024563001848e-01 6.401523861063465048e-01 8.116847597542112963e-03 -1.439145537827560273e-01 4.450182762413751499e-03
8.689054283278118129e-01 6.415886999922122413e-01 1.071479331732956217e-02 -2.121920686980343085e-01 5.401747462493524526e-03
1.169503529887669480e+00 6.796122231513441747e-01 1.118827698320042779e-02 -2.748810539336828951e-01 6.497262138857215832e-03
1.436699815637600297e+00 7.088959992264211030e-01 1.674668809883459938e-02 -4.028894272370718288e-01 9.730632067158621890e-03
1.703899141509112036e+00 7.843295009948589858e-01 1.810418767070272328e-02 -4.860239361333510422e-01 1.317131208038788484e-02
2.004497243068969592e+00 9.047325083288997316e-01 2.074936679897518635e-02 -6.072168455595978731e-01 1.954482520461496911e-02
2.238294753130554149e+00 1.067788232387680836e+00 2.553382680012244652e-02 -7.528183094143600096e-01 3.086949964570446028e-02
2.538892854690412371e+00 1.307938291563388589e+00 3.374935926221311888e-02 -9.444009875784105112e-01 5.349487349302175371e-02
2.806092180561924110e+00 2.042349357753736605e+00 5.290209103517615197e-02 -8.896617977019609658e-01 8.836151294945723822e-02
3.106690282121782332e+00 2.413699257456317859e+00 8.930244030755600526e-02 -6.168458608239199559e-02 5.381707787454512865e-02
3.373886567871712483e+00 2.165649254014134328e+00 6.157177918037379238e-02 7.808653055040321034e-01 8.293459166289585127e-02
3.607684077933297040e+00 1.643892777189090992e+00 3.193572409796591877e-02 9.259580999344684260e-01 6.577954685592214690e-02
3.908282179493155262e+00 1.142911227027216148e+00 3.251894638906299012e-02 8.878581884209626462e-01 4.118719809405473053e-02
4.175481505364667001e+00 8.986503186208546490e-01 2.775148648156236866e-02 6.932147410285952605e-01 2.371357313125998720e-02
4.476079606924524334e+00 8.593648370064170816e-01 1.757231606656259673e-02 5.449669143514920266e-01 1.547513994673474676e-02
4.743278932796036962e+00 7.900233863484361629e-01 1.319800011129271776e-02 4.184442248563302047e-01 1.050236845957154379e-02
