-4.575259175437975223e+00 2.463610222402323191e-01 1.945898177287149616e-02 4.742996926975628913e-01 1.270361980452530508e-02
-4.274661073878117001e+00 8.623917145860010569e-02 1.969008095216540771e-02 5.931027137304617503e-01 1.918210468342275085e-02
-4.007461748006605262e+00 -3.908969474668388955e-02 3.226954233521784482e-02 8.222306300089829989e-01 3.471673629944199702e-02
-3.740265462256674667e+00 -4.750394964716123658e-01 2.579009308755294064e-02 8.318668179235922944e-01 4.883539866151243025e-02
-3.473066136385163372e+00 -9.083357922098540538e-01 4.310385018709719102e-02 6.692811788157075892e-01 5.947911232386302038e-02
-3.205869850635232332e+00 -1.353882795171111653e+00 8.299334869842019125e-02 1.749522785792571311e-01 5.338316976474734993e-02
-2.938670524763720593e+00 -1.071289632668935621e+00 5.443326031998901859e-02 -7.543073285078037982e-01 7.520071725257275463e-02
-2.604673647515516777e+00 -5.602176893732124796e-01 3.060876767356274925e-02 -9.178382012523892408e-01 6.131735216785515891e-02
-2.337474321644005038e+00 -1.954500263620552181e-01 2.490603021511544196e-02 -8.032025419022175150e-01 3.638869003786947276e-02
-2.103676811582420036e+00 5.500496021593725970e-02 2.318036955881467437e-02 -6.726013189419306482e-01 2.288771698556749112e-02
-1.836477485710908519e+00 2.053775461842174410e-01 2.397830500974218113e-02 -5.811168234874742877e-01 1.647770955784020469e-02
-1.535879384151050742e+00 2.389682935034956324e-01 1.376137130826545277e-02 -4.084636981166545611e-01 9.953833859508407628e-03
-1.235281282591192964e+00 2.848596538340077977e-01 1.174983974968849508e-02 -3.268767494811134489e-01 7.651979764153915217e-03
-1.001483772529608185e+00 3.125358163791456256e-01 9.975813102292015178e-03 -2.566878544255974393e-01 6.158759860043289819e-03
-7.342844466580964458e-01 3.388015645316861946e-01 8.377479051535303978e-03 -1.819056363723592917e-01 4.930419525914611460e-03
-4.670881609081657948e-01 3.573920874068263753e-01 7.140082933864661668e-03 -1.102324007975365727e-01 4.159744657716579058e-03
-1.664900593483079616e-01 3.638751727896556432e-01 6.252280990246359554e-03 -3.953810686061452057e-02 3.813009455817594189e-03
1.007092665232037637e-01 3.647963661919261802e-01 6.179961324901094184e-03 2.692944355278840615e-02 3.732602307693118609e-03
3.679085923947154613e-01 3.771969480762347726e-01 7.361732257460040438e-03 8.233252325531198457e-02 3.923938902729656730e-03
6.017061024563001848e-01 3.598476138936535507e-01 8.116847597542112963e-03 1.439145537827560273e-01 4.450182762413751499e-03
8.689054283278118129e-01 3.584113000077877587e-01 1.071479331732956217e-02 2.121920686980343085e-01 5.401747462493524526e-03
1.169503529887669480e+00 3.203877768486558253e-01 1.118827698320042779e-02 2.748810539336828951e-01 6.497262138857215832e-03
1.436699815637600297e+00 2.911040007735788970e-01 1.674668809883459938e-02 4.028894272370718288e-01 9.730632067158621890e-03
1.703899141509112036e+00 2.156704990051410697e-01 1.810418767070272328e-02 4.860239361333510422e-01 1.317131208038788484e-02
2.004497243068969592e+00 9.526749167110032390e-02 2.074936679897518635e-02 6.072168455595978731e-01 1.954482520461496911e-02
2.238294753130554149e+00 -6.778823238768072468e-02 2.553382680012244652e-02 7.528183094143600096e-01 3.086949964570446028e-02
2.538892854690412371e+00 -3.079382915633886997e-01 3.374935926221311888e-02 9.444009875784105112e-01 5.349487349302175371e-02
2.806092180561924110e+00 -1.042349357753736383e+00 5.290209103517615197e-02 8.896617977019609658e-01 8.836151294945723822e-02
3.106690282121782332e+00 -1.413699257456318081e+00 8.930244030755600526e-02 6.168458608239199559e-02 5.381707787454512865e-02
3.373886567871712483e+00 -1.165649254014134550e+00 6.157177918037379238e-02 -7.808653055040321034e-01 8.293459166289585127e-02
3.607684077933297040e+00 -6.438927771890909924e-01 3.193572409796591877e-02 -9.259580999344684260e-01 6.577954685592214690e-02
3.908282179493155262e+00 -1.429112270272161478e-01 3.251894638906299012e-02 -8.878581884209626462e-01 4.118719809405473053e-02
4.175481505364667001e+00 1.013496813791453510e-01 2.775148648156236866e-02 -6.932147410285952605e-01 2.371357313125998720e-02
4.476079606924524334e+00 1.406351629935828629e-01 1.757231606656259673e-02 -5.449669143514920266e-01 1.547513994673474676e-02
4.743278932796036962e+00 2.099766136515638371e-01 1.319800011129271776e-02 -4.184442248563302047e-01 1.050236845957154379e-02
