-4.575259175437975223e+00 2.629145882859878491e-01 6.052763910414734119e-03 4.742996926975628913e-01 1.270361980452530508e-02
-4.274661073878117001e+00 1.526164232674392940e-01 9.580442042100213718e-03 5.931027137304617503e-01 1.918210468342275085e-02
-4.007461748006605262e+00 -5.045577537316925376e-02 1.884049911027223592e-02 8.222306300089829989e-01 3.471673629944199702e-02
-3.740265462256674667e+00 -4.011891258184669962e-01 4.025271646413805526e-02 8.318668179235922944e-01 4.883539866151243025e-02
-3.473066136385163372e+00 -7.172099710864636712e-01 7.503421548338673475e-02 6.692811788157075892e-01 5.947911232386302038e-02
-3.205869850635232332e+00 -1.224614760825025961e+00 1.402547138165957108e-01 1.749522785792571311e-01 5.338316976474734993e-02
-2.938670524763720593e+00 -1.034715644598415363e+00 1.111367519672324389e-01 -7.543073285078037982e-01 7.520071725257275463e-02
-2.604673647515516777e+00 -5.254935059171819134e-01 5.312506286235901126e-02 -9.178382012523892408e-01 6.131735216785515891e-02
-2.337474321644005038e+00 -1.585204448079952089e-01 2.324965630063762639e-02 -8.032025419022175150e-01 3.638869003786947276e-02
-2.103676811582420036e+00 7.626398067023831828e-02 1.181436212899335432e-02 -6.726013189419306482e-01 2.288771698556749112e-02
-1.836477485710908519e+00 1.817107231067315865e-01 7.809646277250837688e-03 -5.811168234874742877e-01 1.647770955784020469e-02
-1.535879384151050742e+00 2.636812237460685604e-01 4.962227412825156482e-03 -4.084636981166545611e-01 9.953833859508407628e-03
-1.235281282591192964e+00 3.056174913064634291e-01 3.976408060953528535e-03 -3.268767494811134489e-01 7.651979764153915217e-03
-1.001483772529608185e+00 3.331568095448066424e-01 3.418353150377504996e-03 -2.566878544255974393e-01 6.158759860043289819e-03
-7.342844466580964458e-01 3.548376679359084296e-01 2.989165916067292126e-03 -1.819056363723592917e-01 4.930419525914611460e-03
-4.670881609081657948e-01 3.693232401523587893e-01 2.746469688059590287e-03 -1.102324007975365727e-01 4.159744657716579058e-03
-1.664900593483079616e-01 3.766108070156413135e-01 2.649196109955192016e-03 -3.953810686061452057e-02 3.813009455817594189e-03
1.007092665232037637e-01 3.771281693538808266e-01 2.638013654721895005e-03 2.692944355278840615e-02 3.732602307693118609e-03
3.679085923947154613e-01 3.763810568853727667e-01 2.681197456020432968e-03 8.233252325531198457e-02 3.923938902729656730e-03
6.017061024563001848e-01 3.655773032900394015e-01 2.828925643096894676e-03 1.439145537827560273e-01 4.450182762413751499e-03
8.689054283278118129e-01 3.564677634979508958e-01 3.148732542157318612e-03 2.121920686980343085e-01 5.401747462493524526e-03
1.169503529887669480e+00 3.320981338741814670e-01 3.537719536594893452e-03 2.748810539336828951e-01 6.497262138857215832e-03
1.436699815637600297e+00 2.884726059427010769e-01 4.760943008777922085e-03 4.028894272370718288e-01 9.730632067158621890e-03
1.703899141509112036e+00 2.444951869893611796e-01 6.354037314248588836e-03 4.860239361333510422e-01 1.317131208038788484e-02
2.004497243068969592e+00 1.454888887114651475e-01 9.723819977245674873e-03 6.072168455595978731e-01 1.954482520461496911e-02
2.238294753130554149e+00 -1.343569165222469053e-02 1.697247035274493041e-02 7.528183094143600096e-01 3.086949964570446028e-02
2.538892854690412371e+00 -3.051510891913520318e-01 3.611734021156456920e-02 9.444009875784105112e-01 5.349487349302175371e-02
2.806092180561924110e+00 -1.074350314958329555e+00 1.193081439614102068e-01 8.896617977019609658e-01 8.836151294945723822e-02
3.106690282121782332e+00 -1.338395798377679746e+00 1.555336350834095327e-01 6.168458608239199559e-02 5.381707787454512865e-02
3.373886567871712483e+00 -1.237979507805738510e+00 1.354367668512778400e-01 -7.808653055040321034e-01 8.293459166289585127e-02
3.607684077933297040e+00 -6.274947780035349254e-01 6.236529666260069021e-02 -9.259580999344684260e-01 6.577954685592214690e-02
3.908282179493155262e+00 -1.850079928796306561e-01 2.531884176921348970e-02 -8.878581884209626462e-01 4.118719809405473053e-02
4.175481505364667001e+00 9.453045340033161548e-02 1.166196450152065349e-02 -6.932147410285952605e-01 2.371357313125998720e-02
4.476079606924524334e+00 1.719537087834335787e-01 7.749347191640011331e-03 -5.449669143514920266e-01 1.547513994673474676e-02
4.743278932796036962e+00 2.534259794444345681e-01 5.304902990260212600e-03 -4.184442248563302047e-01 1.050236845957154379e-02
