-4.587009907577667356e+00 4.875183866839641889e-01 5.954106358722725811e-03 5.378776983061155370e-01 9.832724492952903475e-03
-4.318991052138652087e+00 4.937199362056791108e-01 8.978663230727311831e-03 7.329216169305600159e-01 1.652498793771395996e-02
-4.050975246145604558e+00 4.739161205743811500e-01 1.546711977780458949e-02 1.066884683772578946e+00 3.367652874461538742e-02
-3.749455177318950838e+00 4.567399502799025512e-01 2.621918895936762445e-02 1.353589176682788775e+00 6.266072223441039590e-02
-3.514940584713541760e+00 3.276557891642415399e-01 8.068484396142565351e-02 2.224012456093960921e+00 2.621177432628123416e-01
-3.246921729274527824e+00 4.147652210405148310e-01 3.054527225500758281e-01 1.678163403797086506e+00 7.116783217216114954e-01
-2.911900447060234320e+00 2.730942100089599478e-01 2.038704024177415974e-01 -4.817108978361951621e+00 1.304194180504757661e+00
-2.643881591621219940e+00 5.126553573694798693e-01 4.474264643313016765e-02 -1.885339550623932325e+00 1.278954858641362657e-01
-2.375862736182205559e+00 4.952916514950667093e-01 1.997560237585515458e-02 -1.261505070303829079e+00 4.670565566276390496e-02
-2.141348143576796925e+00 4.975966475358570840e-01 1.165712278241789329e-02 -8.912645884553792586e-01 2.325613336547622395e-02
-1.806326861362503644e+00 4.982681885817636380e-01 7.355057085580038630e-03 -6.387590847651472004e-01 1.285454249299846502e-02
-1.538308005923489485e+00 4.962007740983338522e-01 5.216493677114958719e-03 -4.719527450927376022e-01 8.119107115976858732e-03
-1.270289150484475105e+00 5.101522230761827981e-01 4.391425667773943796e-03 -3.657213414792919726e-01 6.001852836832279915e-03
-1.002273344491427132e+00 5.010420479653850956e-01 3.668362927908723915e-03 -2.727082988389820106e-01 4.528627087260381559e-03
-7.342544890524126400e-01 4.946139047200156513e-01 3.065521725338603287e-03 -1.834586595427344646e-01 3.373358435926099817e-03
-4.662386830593647224e-01 5.013084142617501016e-01 2.943390806991279945e-03 -1.225829596766136176e-01 2.942095894687721952e-03
-1.982198276203503140e-01 5.046258274242125808e-01 2.883848842562720168e-03 -3.983446685047613983e-02 2.621500581312259746e-03
6.979902781866410832e-02 4.977889464420435783e-01 2.758450670219275442e-03 3.055378002223677752e-02 2.535912104705270904e-03
3.378148338117120675e-01 4.970398300483541143e-01 2.852477450558511905e-03 9.629664771570212167e-02 2.780562137784439551e-03
6.058336892507265592e-01 5.003395806232067144e-01 3.121785434603897326e-03 1.695375975224218956e-01 3.330143369659164208e-03
8.738525446897408289e-01 5.027586936858658984e-01 3.444607622670835170e-03 2.422692090874073723e-01 4.079074005963988225e-03
1.175372613516394660e+00 4.936777770958403200e-01 3.947324481462025081e-03 3.284746375367305071e-01 5.305318907564623987e-03
1.443388419509442633e+00 4.937915259984004823e-01 4.924457658812953983e-03 4.503766612953279957e-01 7.572275003968894497e-03
1.711407274948457014e+00 4.909536384879020776e-01 6.415129759579584444e-03 5.791951169909016484e-01 1.090900381081819775e-02
2.012927343775110955e+00 4.863837157554972146e-01 9.541081802558661756e-03 7.865424673251788512e-01 1.829393403316435102e-02
2.247441936380519145e+00 5.073588841092255830e-01 1.581339736086340153e-02 1.046016518411226448e+00 3.318294217719314904e-02
2.548962005207172865e+00 4.651689646317946902e-01 3.081083587010396974e-02 1.573863788535994734e+00 8.105856451222157033e-02
2.850482074033827029e+00 4.192371307909859013e-01 9.754773605357644484e-02 2.571144194998486565e+00 3.507687157372252895e-01
3.118500929472841854e+00 6.572533668355333702e-01 2.272443535636169187e+00 -8.151572111813175425e+00 2.069043856940938753e+01
3.386516735465888939e+00 6.308533055304490489e-01 1.919287154378530313e-01 -3.983614266511642299e+00 9.247065851185196639e-01
3.621031328071298017e+00 5.154002525780256860e-01 4.521121699960496676e-02 -1.933897093757207086e+00 1.319952722349167218e-01
3.922551396897952181e+00 4.739420482626119924e-01 1.867308493942477707e-02 -1.206300312379992024e+00 4.311411525156131491e-02
4.224071465724605901e+00 4.972408905722172090e-01 1.071254325969487643e-02 -8.284900514459964116e-01 2.062589779136109192e-02
4.492090321163619393e+00 4.892377408118169790e-01 6.967838231417719692e-03 -6.110151971542747695e-01 1.203124780897445352e-02
4.760109176602634662e+00 5.043921455575444135e-01 5.487527151637735211e-03 -4.846576657871969340e-01 8.510352503074979785e-03
