0.000000000000000000e+00 3.305033614893984062e-01 4.630470315766304842e-03 4.654369936217885549e-03 2.529486873381631400e-03
2.665125699200667775e-01 3.325134168157424241e-01 4.673887698902772295e-03 -7.352415026833630796e-02 3.177672663857232516e-03
6.662753602534512432e-01 3.166666666666667074e-01 4.765078307583187067e-03 -1.360952380952380747e-01 3.886671439625767176e-03
1.132663260793495219e+00 2.920935412026726130e-01 5.381710848517465111e-03 -2.076280623608017795e-01 5.178167785689334786e-03
1.465800940920221063e+00 2.678118839763447001e-01 6.725955216734258620e-03 -2.875246409462123287e-01 7.213444139845519992e-03
1.865563731253606194e+00 1.756247860321807908e-01 8.392571031342508162e-03 -3.102533378979802081e-01 8.596575527204424610e-03
2.331951631793650392e+00 9.319395017793596914e-02 1.142943393324963135e-02 -3.296263345195729055e-01 1.064253783275540162e-02
2.665089311920375792e+00 -4.525507405375717163e-03 1.504607583806889630e-02 -2.377948436642896290e-01 1.074519647364971693e-02
3.064852102253761146e+00 -5.649388468258587093e-02 1.702474564690227565e-02 2.154921374490391742e-02 8.692080972183635276e-03
3.531240002793805566e+00 9.033078880407052758e-03 1.490536363336576568e-02 2.019083969465649553e-01 8.247881228103897192e-03
3.931002793127190476e+00 8.005249343832021580e-02 1.269693691262393197e-02 3.043525809273840421e-01 8.210154204253939172e-03
4.330765583460575385e+00 1.779753265602322387e-01 1.034415708934786383e-02 3.229317851959361829e-01 7.269100662906156744e-03
4.663897199040586194e+00 2.597999459313328208e-01 7.679750681155813989e-03 2.566234117329008191e-01 5.064247797821487714e-03
5.196916274334005159e+00 2.929791481810115616e-01 6.372301029416705537e-03 2.059117125110913882e-01 3.930487042829322424e-03
5.530053954460730559e+00 3.219538859073742820e-01 5.684623537786748053e-03 1.486781951898231147e-01 3.168372963379044536e-03
5.929816744794115912e+00 3.369868103288128913e-01 5.154847080516138623e-03 7.059260635333457212e-02 2.621103619086969684e-03
6.329579535127500378e+00 3.397261516140732684e-01 4.952617902378531577e-03 5.939426913311580264e-03 2.758659117405079693e-03
6.596086040500853009e+00 3.262152166255723462e-01 4.594654509618603493e-03 -6.771750616414232149e-02 3.089797496738543557e-03
6.995848830834237475e+00 3.167866616142478442e-01 4.769607902695354590e-03 -1.259946949602121780e-01 3.780892366132541059e-03
7.395611621167621941e+00 3.049579045837231828e-01 5.706232113062554429e-03 -2.020579981290926141e-01 5.286635731906700643e-03
7.861999521707667249e+00 2.498041775456919522e-01 6.231545965150087248e-03 -2.475195822454308026e-01 6.284099902094937400e-03
8.261762312041051715e+00 1.816498316498316168e-01 8.199621650467520811e-03 -3.201178451178451345e-01 8.644921569291431560e-03
8.594899992167778890e+00 1.092366090257275157e-01 1.077337992130280794e-02 -3.144242935470266120e-01 1.001878656752335645e-02
8.994662782501162468e+00 3.113648157758164281e-02 1.407308010367801059e-02 -1.787752983912817839e-01 9.410427302800648125e-03
9.327800462627887867e+00 -1.393728222996515331e-02 1.652334397351603104e-02 -2.729384436701509653e-02 9.008797680362718233e-03
9.794188363167931399e+00 -1.426666666666664973e-02 1.560233950168775016e-02 1.647999999999999465e-01 8.202732552834653829e-03
1.012731997874794310e+01 7.774390243902440378e-02 1.273537549398323643e-02 3.078179442508711117e-01 8.329387358194056609e-03
1.052708276908133023e+01 1.999654934437543607e-01 9.791930782516196710e-03 2.975327812284334073e-01 6.699829256910060093e-03
1.092684555941471380e+01 2.408017572762218284e-01 7.835579346129646280e-03 2.684651290499725507e-01 5.282377641924040391e-03
1.132660834974809916e+01 2.931526390870185517e-01 6.768552083645796615e-03 2.124940561103186021e-01 4.166520399633750517e-03
1.165974602987482456e+01 3.137264332435552028e-01 5.445784493585778541e-03 1.344267025779145586e-01 2.964368046452929822e-03
1.199288371000154996e+01 3.322637648809523836e-01 5.238988725888610483e-03 8.463541666666669905e-02 2.756707188770121664e-03
1.252589672074825522e+01 3.376087342446298933e-01 4.859250088592293078e-03 1.162790697674416680e-02 2.682845016338166605e-03
1.279240929066832244e+01 3.335321100917431614e-01 4.826431006819580441e-03 -5.211009174311925785e-02 3.057534133143949198e-03
1.319217208100170602e+01 3.187487723433510278e-01 4.966290564185045844e-03 -1.348949125908466273e-01 4.013585015218699634e-03
1.365855998154174955e+01 2.922848664688427744e-01 5.198815419176838933e-03 -1.736434930055107684e-01 4.635247486498764342e-03
1.412494788208179308e+01 2.534579918032787149e-01 6.149124000468190326e-03 -2.436603483606557818e-01 6.189260368287074696e-03
1.445808556220851848e+01 2.084690553745928709e-01 7.864832114596348456e-03 -2.930781758957654581e-01 8.007479929794935128e-03
1.485784835254190384e+01 9.679722562219505999e-02 1.050563979291762109e-02 -2.850877192982455566e-01 9.280401629340732927e-03
1.525761114287529097e+01 4.990471653168182531e-02 1.287023631302562296e-02 -2.117675083373035116e-01 9.396487062885027289e-03
1.559074275845530089e+01 -1.490700218818385991e-02 1.552559121827463452e-02 -6.304704595185993410e-02 8.671431951420772305e-03
1.599050554878868802e+01 1.310102647217725735e-02 1.576186220328923762e-02 2.019178822258238526e-01 8.833382205721600211e-03
1.639026833912207337e+01 9.810540069686413123e-02 1.257872779568208407e-02 2.890897212543553363e-01 8.090627814456626682e-03
1.672340601924879877e+01 1.630952380952380709e-01 9.806330484664864053e-03 2.936224489795918324e-01 6.670978397787784633e-03
1.718979391978884053e+01 2.348968922451349917e-01 8.344138277010885660e-03 2.884838803369154658e-01 5.814596484158416484e-03
1.752293159991556593e+01 2.842825848849945825e-01 6.260387140872443121e-03 2.047645125958379164e-01 3.838776725974125774e-03
1.798931950045561123e+01 3.109576968272620978e-01 5.570828332184580949e-03 1.446337641989816070e-01 3.098561032605970985e-03
1.832245718058233663e+01 3.219110230547549967e-01 5.002328356004458881e-03 6.979466858789623585e-02 2.615056896504222139e-03
