0.000000000000000000e+00 2.430456490727532781e-01 1.874199598354550980e-02 3.912268188302424621e-01 1.247376750373041694e-02
3.345352466495343791e-01 3.127340823970038430e-01 1.438584044579066176e-02 3.836276083467094478e-01 1.000082150274740102e-02
7.359751066335880054e-01 3.641453831041256972e-01 1.086141442815882936e-02 3.222003929273085099e-01 7.117754524019854860e-03
1.137414966617640744e+00 3.836346029696578452e-01 8.976344971043199658e-03 2.384602969657843852e-01 5.077901730471164575e-03
1.471944123278705163e+00 4.029830322933771747e-01 7.710421459812511272e-03 1.736453201970443450e-01 3.848999417370926098e-03
1.873383983262758568e+00 4.044860734532905733e-01 6.703256728791512700e-03 6.303919152082822219e-02 2.841935989351011133e-03
2.274823843246811972e+00 4.052986288635835876e-01 6.222414621530103322e-03 -7.378573088542878140e-03 2.933135582359923648e-03
2.676263703230864710e+00 4.059448242187500000e-01 6.324065785480100475e-03 -8.227539062500000000e-02 3.632298969689225134e-03
3.144614266537907099e+00 3.955583756345177893e-01 6.364072012981163151e-03 -1.473350253807106658e-01 4.496778533128977483e-03
3.479143423198971963e+00 4.079356846473028986e-01 8.519669567624899020e-03 -2.498271092669432369e-01 7.204069406848676721e-03
3.813678669848506342e+00 3.690033085194375784e-01 9.756589251427525908e-03 -3.451199338296113139e-01 9.759957842687440321e-03
4.282023143167077883e+00 3.354285714285714648e-01 1.339840467419203991e-02 -4.137142857142857011e-01 1.346838041996981442e-02
4.683463003151130621e+00 2.578828828828828579e-01 1.776136925426533703e-02 -4.463213213213214070e-01 1.698071451217913336e-02
5.084902863135185136e+00 1.726649528706084569e-01 2.105149234431952579e-02 -1.583119108826050170e-01 1.241757675310843807e-02
5.419438109784719515e+00 9.274611398963727993e-02 2.650958233541881454e-02 7.227979274611408267e-02 1.294990691770422225e-02
5.820877969768772253e+00 1.666666666666667407e-01 2.158571951631534439e-02 3.041666666666666408e-01 1.237144543038674535e-02
6.222317829752825880e+00 2.109475032010242890e-01 1.694889879482132031e-02 3.924455825864276992e-01 1.152047085075343612e-02
6.690662303071397865e+00 3.433581049698095078e-01 1.256332759914024176e-02 3.305852299117510440e-01 8.154446850498290808e-03
7.092102163055450603e+00 3.684649610678530918e-01 1.013591087532795219e-02 2.775305895439377224e-01 6.070468602022136007e-03
7.560446636374022589e+00 4.015576323987538609e-01 8.788803510395485838e-03 2.307632398753894365e-01 4.885484854280103956e-03
7.828077269689038609e+00 4.061839323467230090e-01 7.421628385877080715e-03 1.445560253699788578e-01 3.512882628915946822e-03
8.296421743007611482e+00 4.075112107623318214e-01 6.900212777493666856e-03 7.075236671649227926e-02 3.098177247883013297e-03
8.697861602991663332e+00 4.224551654458196248e-01 6.901536198469433378e-03 -1.768123263450373413e-03 3.279524833140167774e-03
9.099301462975716959e+00 3.998919048762911155e-01 6.315983947050173367e-03 -6.227480182560651834e-02 3.536656818452449912e-03
9.500741322959768809e+00 3.922666666666666524e-01 6.704356217885227079e-03 -1.518000000000000183e-01 4.791935076540351085e-03
9.902181182943822435e+00 3.672848890240195119e-01 7.303731270685564179e-03 -2.202037093341441265e-01 6.159101107209406442e-03
1.023671033960488863e+01 3.435743724241288599e-01 8.758298977990323572e-03 -2.793180966654177921e-01 7.997904890855533563e-03
1.063815019958894048e+01 3.059134836631385301e-01 1.061796637052547787e-02 -3.619420156465715799e-01 1.074189003767984235e-02
1.097268544623847575e+01 2.354014598540146164e-01 1.539598489839605518e-02 -4.203715992037159732e-01 1.484796880561477586e-02
1.144102991955704596e+01 1.788272157564905207e-01 2.158907809782985299e-02 -3.283348254252462239e-01 1.616373927110838910e-02
1.170866055287206287e+01 1.827021494370522081e-01 2.543041902589812317e-02 -6.525076765609005847e-02 1.338345467882011766e-02
1.204318970953312906e+01 1.352015732546703042e-01 2.510559059696967216e-02 1.600294985250737823e-01 1.250965100853804364e-02
1.251154027284017012e+01 2.388980263157894912e-01 2.147566559876688819e-02 4.132401315789474006e-01 1.428746897603577239e-02
1.291297404283575290e+01 3.058452250274423245e-01 1.464309336377997948e-02 3.826838638858396924e-01 1.007009871619604473e-02
1.324750928948528639e+01 3.563587406793703449e-01 1.137016916238012786e-02 3.363711681855841018e-01 7.572918545847065128e-03
1.364894914946934001e+01 3.848264872521245938e-01 9.778262500346168382e-03 2.629249291784702125e-01 5.696449300547756084e-03
1.405038900945339542e+01 4.056013647995450611e-01 7.943999713724711476e-03 1.790588569803810148e-01 3.906477069131911346e-03
1.445182886943744727e+01 4.150665642601126804e-01 7.104693017626303661e-03 8.992575524833588962e-02 3.087746760576314756e-03
1.478636411608698253e+01 4.108875739644970437e-01 6.393767878820653255e-03 7.100591715976331021e-03 2.909298602891171714e-03
1.512089327274804518e+01 4.179834462001504880e-01 6.645450980083905321e-03 -4.915976925006271259e-02 3.421906615331282622e-03
1.545542851939758044e+01 4.159973226238286581e-01 6.858308708390171635e-03 -1.376840696117804519e-01 4.564251347060297240e-03
1.585686837938163229e+01 3.951812829253176229e-01 7.617949454763587626e-03 -2.104896188410288194e-01 6.096950394151835588e-03
1.632521285270020428e+01 3.764798737174427368e-01 9.392549553030243165e-03 -3.159037095501184278e-01 8.972529504291892888e-03
1.672665271268425968e+01 3.568627450980391136e-01 1.156497718282973979e-02 -3.487745098039216063e-01 1.093192827794166148e-02
1.712809257266831153e+01 2.806506849315069108e-01 1.607761448814258934e-02 -3.994863013698630172e-01 1.479258430496140260e-02
1.752953243265236338e+01 2.058452481076533669e-01 2.027472753766345129e-02 -2.855340622371740911e-01 1.453390048917670846e-02
1.793097229263641879e+01 1.207233626588466446e-01 2.469385704395494693e-02 2.688172043010703897e-03 1.230205929000777014e-02
1.833241215262047064e+01 1.862401402278703877e-01 2.252023977843772840e-02 2.318141980718667894e-01 1.204293759038077213e-02
