0.000000000000000000e+00 3.661879895561357401e-01 1.618820619829178242e-02 3.111945169712793113e-01 9.432046806652553267e-03
3.343948746073701628e-01 4.063802083333333259e-01 1.321935288009965306e-02 2.696614583333333259e-01 7.229641706070661332e-03
7.356735941713412608e-01 4.530417406749556175e-01 1.153271907100387149e-02 1.981571936056838457e-01 5.324944123412340968e-03
1.136952313735312359e+00 4.680420711974109249e-01 1.061430532875046358e-02 1.368325242718446411e-01 4.392626501490719780e-03
1.471353275886592149e+00 4.545059151009045451e-01 9.038748187561493341e-03 6.141266527487819482e-02 3.592279446160827339e-03
1.872631995450563247e+00 4.613869863013698169e-01 8.858574408639420181e-03 5.308219178082182119e-03 3.752810253015397349e-03
2.340788472427226541e+00 4.776301010857356699e-01 9.507623992004905072e-03 -7.338075627105952736e-02 4.663131762229178259e-03
2.742067191991197639e+00 4.672869147659062805e-01 9.839477827788878361e-03 -1.322529011604642035e-01 5.633730511012645381e-03
3.143345911555170069e+00 4.495084897229669751e-01 1.057108879591171779e-02 -2.211796246648793651e-01 7.597499131965765318e-03
3.477746873706450081e+00 4.263370332996971879e-01 1.160106445376611096e-02 -2.627396569122099068e-01 9.015930393061767287e-03
3.812147835857730094e+00 4.315395095367847156e-01 1.549454686423780078e-02 -3.070504087193460241e-01 1.190326577318553958e-02
4.280304312834392277e+00 4.339130434782607626e-01 1.989618820909951763e-02 -3.002173913043477693e-01 1.401693694235631518e-02
4.614699187441760664e+00 3.741610738255034541e-01 2.561360982829919905e-02 -1.971476510067113330e-01 1.478128872820437360e-02
5.015977907005732206e+00 3.688769414575864269e-01 2.796862167689458459e-02 -1.164874551971323627e-02 1.330348354632002704e-02
5.417256626569703748e+00 4.363479262672810277e-01 2.820120900089715527e-02 2.883064516129032473e-01 1.474918473957924012e-02
5.751657588720983760e+00 4.331395348837209225e-01 2.236579240083105824e-02 3.618067978533094919e-01 1.321329992606173724e-02
6.219814065697645944e+00 4.261252446183952935e-01 1.671607643856837938e-02 3.613829093281148430e-01 1.043870526216373988e-02
6.687976630218220642e+00 4.218991250643334689e-01 1.321869836604235189e-02 2.783067421513124029e-01 7.329401816989473614e-03
7.022371504825589916e+00 4.373228027541515295e-01 1.055304016642446413e-02 1.996759821790198564e-01 5.004775214442017464e-03
7.356772466976869929e+00 4.458092485549133288e-01 9.493722772825652009e-03 1.442377167630057855e-01 4.078722160772770000e-03
7.824928943953533000e+00 4.448553054662379713e-01 8.360637599597190231e-03 6.101286173633441168e-02 3.332122095030962128e-03
8.226207663517504542e+00 4.567499999999999893e-01 8.587291563053444515e-03 -1.000000000000014115e-03 3.673334845734715220e-03
8.560608625668784555e+00 4.656690140845069492e-01 8.896750730889945932e-03 -8.838028169014082447e-02 4.677879527273056184e-03
9.028765102645447627e+00 4.525782688766113449e-01 8.972439556529814009e-03 -1.558011049723756758e-01 5.693007503003929236e-03
9.363166064796727639e+00 4.446989528795811664e-01 1.027226957814346246e-02 -2.472731239092495203e-01 7.979846020369283158e-03
9.831322541773390711e+00 4.280165717244950874e-01 1.185598180152794452e-02 -2.885810460901087615e-01 9.664998979292054732e-03
1.029947901875005201e+01 3.948805460750852703e-01 1.523940883192017627e-02 -3.401023890784983239e-01 1.271450878030212089e-02
1.070075773831402444e+01 3.777881040892194786e-01 2.086184617760940968e-02 -3.647769516728624484e-01 1.643858577394695028e-02
1.110203645787799509e+01 3.116844602609725179e-01 2.682239905523205875e-02 -2.369513641755635058e-01 1.637616728093273244e-02
1.150331517744196752e+01 3.531128404669260368e-01 3.020469270770050063e-02 -6.809338521400736671e-03 1.425086019336940617e-02
1.190459389700593995e+01 3.910861865407319060e-01 2.822402390542213049e-02 2.281582054309326257e-01 1.375095968972642017e-02
1.237275646152651376e+01 3.816593886462881224e-01 2.139243598242170780e-02 3.427947598253275330e-01 1.240657213557917922e-02
1.270715133613388126e+01 4.218017414601472614e-01 1.683754823372806200e-02 3.226724715338244454e-01 9.663016308676004862e-03
1.304155229828516127e+01 4.315445026178010846e-01 1.335091937395733834e-02 2.604712041884816864e-01 6.980687862827757335e-03
1.344283101784913192e+01 4.569928507596068279e-01 1.168297566508232424e-02 2.145889186773905499e-01 5.580763594464094139e-03
1.384410973741310613e+01 4.618291761148903829e-01 9.902028790557371521e-03 1.231103552532123863e-01 3.993650478633703482e-03
1.411162685460778299e+01 4.733754512635379164e-01 9.658902350610738818e-03 1.004512635379061214e-01 3.975433561762915270e-03
1.464666717654104744e+01 4.806229626946758038e-01 9.540819717207457348e-03 1.874320898225280418e-02 3.973265156504513472e-03
1.498106205114841494e+01 4.731755780346821316e-01 9.179992297442636159e-03 -6.764812138728322488e-02 4.461992027150109112e-03
1.538234077071238914e+01 4.719158496732026586e-01 1.007199855362095851e-02 -1.515522875816993631e-01 6.080990783527152541e-03
1.571674173286366916e+01 4.250767459708366114e-01 9.040615633351045330e-03 -1.729662317728319354e-01 6.080508355768322881e-03
1.605114269501494917e+01 4.162730278696268327e-01 1.083708750127251874e-02 -2.257912139820500985e-01 7.911127344231190864e-03
1.651929917199161224e+01 4.313297515110813274e-01 1.530115227855743595e-02 -3.159838817998656957e-01 1.204511256241607049e-02
1.692057789155558112e+01 3.945783132530120696e-01 1.944740057822693866e-02 -2.801204819277107738e-01 1.344770644660968351e-02
1.725497276616295039e+01 3.916752843846950105e-01 2.380533976356145193e-02 -2.776628748707341554e-01 1.593452123064862877e-02
1.765625148572691927e+01 4.140164899882212701e-01 2.781310810760400862e-02 -5.800942285041221780e-02 1.369404042894125859e-02
1.805753020529089525e+01 4.051918735891648637e-01 2.710775435959698540e-02 2.152934537246049274e-01 1.307160143333166089e-02
1.845880892485486413e+01 4.397905759162303863e-01 2.156098966226168215e-02 2.857766143106457157e-01 1.125000964265228214e-02
