0.000000000000000000e+00 3.704038577456299497e-01 1.523403850700027692e-02 3.491561181434599814e-01 9.819345441112214620e-03
4.631525909582885348e-01 3.913352272727272374e-01 1.229068140425530406e-02 3.246922348484848619e-01 7.867477586901899800e-03
8.601370846945690651e-01 4.126394052044610183e-01 1.074116502069364862e-02 2.466955803387029800e-01 5.891812679307864911e-03
1.257121578430846487e+00 4.151022460610124254e-01 8.836110446813065164e-03 1.738183037210861426e-01 4.334593509532079156e-03
1.587937974945113240e+00 4.186203787195671433e-01 7.887677863581616863e-03 1.005410279531109286e-01 3.522181106754886711e-03
1.918760393858326863e+00 4.166898276820455438e-01 7.111940432686120195e-03 1.785714285714284921e-02 3.207045030817132648e-03
2.315744887594604506e+00 4.291907514450866712e-01 7.663566765297051553e-03 -3.536659567995132508e-02 3.792793086188681658e-03
2.712729381330883260e+00 4.027819776232234861e-01 7.253429767563123777e-03 -1.149077713940127032e-01 4.586975594704919938e-03
3.175875949890226480e+00 3.830497163830496321e-01 7.672009150944901143e-03 -1.856022689356022770e-01 5.885972537427709705e-03
3.506698368803439880e+00 3.705149852258337040e-01 9.395416151137876704e-03 -2.880962431405656443e-01 8.666307249110417887e-03
3.837520787716653725e+00 3.564672801635990762e-01 1.124726146782543436e-02 -3.075153374233128289e-01 1.010160750430635392e-02
4.300667356275995168e+00 2.963089542036910773e-01 1.491397225215747475e-02 -3.841421736158578404e-01 1.405101768185454403e-02
4.697651850012274366e+00 2.334392014519055536e-01 2.030853672852200864e-02 -3.393829401088929720e-01 1.608608380006434566e-02
5.094636343748551788e+00 1.509216589861750446e-01 2.677383754649197839e-02 -1.071428571428571924e-01 1.448256972733681300e-02
5.491620837484829210e+00 2.406356413166857999e-01 2.698373241195664574e-02 1.637343927355278117e-01 1.370897950686863868e-02
5.888605331221108408e+00 2.374881964117090405e-01 2.296779625859936627e-02 3.522190745986780169e-01 1.409536938202469829e-02
6.285589824957385829e+00 2.928047968021318392e-01 1.653185515150205898e-02 3.660892738174550409e-01 1.094798532366911270e-02
6.748736393516728604e+00 3.607911867801702477e-01 1.264656909176594193e-02 3.050826239359038516e-01 7.759567923977823273e-03
7.079558812429942449e+00 3.781089617054875784e-01 1.011689200613081867e-02 2.421042242400316125e-01 5.632252767173382899e-03
7.410375208944210534e+00 4.015228426395938688e-01 8.720411340124252508e-03 1.668358714043993163e-01 4.123010627079075167e-03
7.807359702680487956e+00 4.130303030303030254e-01 7.796174116627793693e-03 8.924242424242423422e-02 3.320835993125970630e-03
8.138182121593702689e+00 4.304841149773070974e-01 7.758675154890177540e-03 2.216338880484114773e-02 3.402231455221033096e-03
8.469004540506915646e+00 4.279394121175764676e-01 7.483864277988088939e-03 -5.766346730653870711e-02 3.903812320441143666e-03
8.932151109066257533e+00 4.310458594523260412e-01 8.002182900839567917e-03 -1.352688881557241873e-01 5.112735424920202519e-03
9.329135602802535843e+00 4.135871593878313046e-01 8.675637347589424189e-03 -2.157521463232549286e-01 6.790653794192812870e-03
9.792282171361879506e+00 3.872270742358079332e-01 9.820460784783819133e-03 -2.632096069868996024e-01 8.345206564817683054e-03
1.012310459027509246e+01 3.521825396825395971e-01 1.257645622438706250e-02 -3.205782312925170574e-01 1.119039563325104417e-02
1.052008908401137077e+01 3.068441064638782745e-01 1.711130705677426853e-02 -2.863117870722433067e-01 1.311062538286498873e-02
1.091707357774764731e+01 2.383603238866397467e-01 2.354890057325172148e-02 -1.336032388663967452e-01 1.376939115851752091e-02
1.131405807148392739e+01 2.357382550335570537e-01 2.690660808554158276e-02 1.277964205816554955e-01 1.404797641661803369e-02
1.171104256522020393e+01 2.313432835820895539e-01 2.318872310829110314e-02 3.752332089552239403e-01 1.507583783829765864e-02
1.217418913377954759e+01 2.865573770491803840e-01 1.672662177035874956e-02 4.188524590163933969e-01 1.226298776331847043e-02
1.263733570233888948e+01 3.168293816829381160e-01 1.214187492502141405e-02 3.793584379358437286e-01 8.958305255805792955e-03
1.316665036812024248e+01 3.377320713505642669e-01 9.544298835088683639e-03 2.965052784856206936e-01 6.277636429607546219e-03
1.349746676463451145e+01 3.604358138155944191e-01 7.827154248890869082e-03 2.159798399051289786e-01 4.440565575534302992e-03
1.389445125837078798e+01 3.752583979328165675e-01 6.761842443464411573e-03 1.260981912144702732e-01 3.236153441260831553e-03
1.429143575210706629e+01 3.832314205079963010e-01 6.076946757533241601e-03 4.797742238946379328e-02 2.824404264934038226e-03
1.468842024584334460e+01 3.921001926782273772e-01 6.063024803901953010e-03 -2.751685934489402768e-02 3.184580636288653933e-03
1.508540473957962114e+01 3.868539889613647476e-01 6.075207451637449664e-03 -1.061841445057701977e-01 4.012127449876914248e-03
1.568088148018404127e+01 3.743169398907103540e-01 6.638993996717711989e-03 -1.949956859361518524e-01 5.562611875090031979e-03
1.607786597392031780e+01 3.429389956184697996e-01 7.482593265500865273e-03 -2.767104819683181005e-01 7.482983248546836233e-03
1.647485046765659433e+01 3.053493449781660152e-01 9.452060939956881402e-03 -3.576419213973799360e-01 1.026348343602957042e-02
1.680567288656980907e+01 2.322916666666665630e-01 1.301418126565243895e-02 -4.247023809523809978e-01 1.398683060151524257e-02
1.720265738030608560e+01 1.170120898100173168e-01 1.969058940230161356e-02 -4.304835924006908399e-01 1.794681358376963576e-02
1.753347377682035457e+01 -7.747933884297397711e-03 2.542289276966104225e-02 -2.102272727272727904e-01 1.560631267591525498e-02
1.786429619573356931e+01 -6.278538812785505741e-03 2.879246935437513102e-02 1.312785388127854780e-01 1.435917117195921293e-02
1.832744276429291119e+01 8.833922261484095095e-02 2.251279500993756330e-02 3.820671378091872739e-01 1.452217390505633650e-02
1.865826518320612593e+01 2.124072825354011984e-01 1.722008773918509705e-02 4.610586648685098821e-01 1.327590393408313064e-02
1.912141175176546781e+01 2.833255921969344282e-01 1.191954784289749047e-02 3.510218300046447082e-01 8.383422317171184898e-03
1.945223417067867899e+01 3.376363636363636234e-01 9.410705095698027739e-03 2.721818181818181359e-01 5.846274122203464624e-03
1.984921866441496263e+01 3.653958944281524568e-01 7.497936664646011155e-03 1.534457478005865072e-01 3.604062472590036439e-03
2.031236523297430097e+01 3.846005651168764583e-01 6.561066934851318699e-03 8.470331363986643991e-02 2.821125520871106077e-03
2.070934972671058105e+01 3.931971936857930339e-01 6.348836445607132853e-03 1.891756452017037682e-02 2.921951468916838841e-03
2.110633422044685759e+01 4.036175710594315791e-01 6.469376303592333337e-03 -4.457364341085271603e-02 3.462570417935619590e-03
2.143715663936007232e+01 4.144961240310077732e-01 7.588685284484096398e-03 -1.341860465116279100e-01 5.106347058113759260e-03
2.190030320791941421e+01 4.080121341898643728e-01 8.422554352917976592e-03 -2.327801570306923806e-01 7.094294480573492580e-03
2.223112562683262539e+01 3.621181262729123995e-01 9.114916631303763422e-03 -3.035641547861507306e-01 8.883841156642511422e-03
2.269427219539197083e+01 3.111650485436893154e-01 1.050041962764387653e-02 -3.658980582524271608e-01 1.104484322796758615e-02
2.309125668912824736e+01 2.267718880285884975e-01 1.282642811947710786e-02 -3.464860035735556343e-01 1.195837746436181383e-02
2.348824118286452745e+01 1.255841121495325785e-01 1.747896656791987288e-02 -3.054906542056075036e-01 1.337555794751046044e-02
2.381906360177774218e+01 6.757425742574252325e-02 2.309392820034905647e-02 -1.970297029702970382e-01 1.374228931179070565e-02
2.421604809551401871e+01 6.988304093567254682e-02 2.783743699146338374e-02 1.520467836257310794e-02 1.328130099866905479e-02
2.454686449202828769e+01 2.580734966592426183e-01 2.630800150077993588e-02 2.065701559020044487e-01 1.332847536718249383e-02
2.487768691094149887e+01 3.416463909164638713e-01 1.992467412565988513e-02 3.444849959448499921e-01 1.220782029620390112e-02
