0.000000000000000000e+00 3.427302393038433870e-01 4.868321119038482303e-03 5.533901377810007682e-02 2.571948579266722813e-03
3.343124498051452953e-01 3.362306368330464923e-01 4.407974338175567677e-03 -3.532702237521515715e-02 2.765952803879728316e-03
6.686188136776856084e-01 3.193345323741006991e-01 4.349129359860907755e-03 -9.730215827338130341e-02 3.281526290557592630e-03
1.069791319070819036e+00 3.012233936741595119e-01 4.561499275216211909e-03 -1.725681320867316904e-01 4.295152409449909739e-03
1.404103768875964331e+00 2.712179333493167088e-01 5.368368937126137205e-03 -2.476624310716854793e-01 5.875531461098550644e-03
1.671550077160517622e+00 1.942879499217527450e-01 7.020775767792621080e-03 -3.541471048513302189e-01 8.650297270791400955e-03
2.072722582553651272e+00 1.228448275862069061e-01 1.006731556677865208e-02 -4.353448275862069616e-01 1.209355773329631560e-02
2.407035032358796567e+00 -2.603513174404015196e-02 1.622216522607983213e-02 -4.516938519447930012e-01 1.586355070577816911e-02
2.741347482163941862e+00 -1.495664739884393635e-01 2.073410208371773492e-02 -2.057442196531792111e-01 1.291056116925740072e-02
3.209380043145061201e+00 -2.379283489096571946e-01 2.416056325223297704e-02 1.370716510903426943e-01 1.165136392968212954e-02
3.610552548538194628e+00 -1.210526315789474117e-01 1.988321473697643102e-02 3.845394736842106531e-01 1.265080982594631552e-02
4.011725053931327167e+00 4.937121564974389365e-02 1.337544614585986676e-02 4.203539823008849985e-01 1.019373184422953799e-02
4.412897559324459706e+00 1.785125329815303585e-01 9.220800151598257735e-03 3.517480211081794872e-01 7.086343058914243431e-03
4.814070064717593134e+00 2.569889715311618472e-01 7.116645499944603513e-03 2.836624775583483360e-01 5.090778938156283358e-03
5.282102625698713361e+00 3.028123658222413028e-01 5.974842509449229504e-03 2.177436668097896266e-01 3.815386685483095671e-03
5.683275131091845900e+00 3.321483474250576662e-01 5.279567419990547315e-03 1.326383551114527215e-01 2.887141399715090206e-03
6.084447636484978439e+00 3.349557522123893794e-01 4.733160872304933292e-03 5.088495575221239908e-02 2.528741046406195007e-03
6.552480197466098666e+00 3.384723195515066396e-01 4.588756730073194866e-03 -1.073055360896987311e-02 2.738530224307517743e-03
6.819932591683256717e+00 3.299713107405415347e-01 4.410772114736243379e-03 -9.660211583288506876e-02 3.321648146058943547e-03
7.287965152664376944e+00 3.089343928280359197e-01 4.731888699686472889e-03 -1.759881825590872140e-01 4.451156561371051590e-03
7.689137658057508595e+00 2.662601626016259937e-01 5.332393961799722706e-03 -2.581898613103777995e-01 6.010935117241000131e-03
8.023450107862656111e+00 2.092911877394635911e-01 6.149605150063363473e-03 -2.965243568691845466e-01 7.126187385482620623e-03
8.491482668843774562e+00 1.147622852576907215e-01 9.350108548430794905e-03 -4.149021174590491468e-01 1.115398446287551096e-02
8.825789032716317095e+00 -2.158376214979995655e-02 1.457487992213650323e-02 -4.549742710120068812e-01 1.478621277099356930e-02
9.226961538109449634e+00 -1.906461307287753426e-01 2.168345742272905982e-02 -3.001502629601803251e-01 1.467056438534180066e-02
9.561273987914594485e+00 -1.874090247452693259e-01 2.172775947101325197e-02 -3.784570596797673381e-02 1.104589103569122120e-02
9.962446493307727025e+00 -1.493323963457484638e-01 2.136416222187006997e-02 3.594518622628249949e-01 1.296355878914533244e-02
1.036361899870085956e+01 1.753623188405795119e-02 1.670285141697388370e-02 4.976811594202898981e-01 1.342841680070722653e-02
1.069793144850600441e+01 1.650541795665633749e-01 1.084166910645089840e-02 4.179566563467491669e-01 8.947755818448388868e-03
1.109910395389913873e+01 2.246082414393499871e-01 8.052994088942864309e-03 3.122460824143936109e-01 5.960252688004741804e-03
1.143341031777167949e+01 2.940206638821719065e-01 6.063503544203840447e-03 2.198834908771158669e-01 3.863457316411025681e-03
1.183458282316481203e+01 3.250048234613158726e-01 5.290334462825370745e-03 1.557978005016399381e-01 2.948988504231884588e-03
1.230261538414593403e+01 3.372854362059812261e-01 4.692326202289510799e-03 6.056450185807821934e-02 2.388814828637520968e-03
1.263692783395107888e+01 3.349771046143008579e-01 4.500078756549538532e-03 -1.162381120112715265e-02 2.589252278100788712e-03
1.303810033934421142e+01 3.366980088495575840e-01 4.557303365740606599e-03 -9.370390855457226553e-02 3.358988260920243128e-03
1.337241278914935627e+01 3.296670030272452756e-01 4.773227750131768879e-03 -1.687184661957618903e-01 4.351874314225442041e-03
1.377358529454248881e+01 2.955350366810017837e-01 5.655624516087365272e-03 -2.778269668606121456e-01 6.490658063778085955e-03
1.424161785552360726e+01 2.388434946574481965e-01 6.989515945205470281e-03 -3.439660590823381825e-01 8.498870774930901081e-03
1.464279036091673980e+01 1.262917329093800611e-01 9.419203984679025074e-03 -3.638712241653418999e-01 1.030419571710259642e-02
1.504396286630987589e+01 -5.437737901033190546e-03 1.412888054506884240e-02 -3.644643828167482003e-01 1.279856554557033330e-02
1.537827531611502074e+01 -2.164149443561208530e-01 2.346061528374488586e-02 -1.993243243243244534e-01 1.370026836820920774e-02
1.577944782150815328e+01 -2.065384615384615596e-01 2.352080253787037015e-02 1.603846153846154310e-01 1.172453030329804156e-02
1.618061424096868350e+01 -5.079455164585700011e-02 1.657237953532422411e-02 2.792281498297389808e-01 9.741655400377975671e-03
1.658179283229441836e+01 6.849164467897983499e-02 1.247240815542037355e-02 3.545514511873351648e-01 8.803806214661110893e-03
1.691609919616696089e+01 1.949999999999999512e-01 9.386059023525553449e-03 3.608474576271186729e-01 7.292053488856989341e-03
1.738413175714807934e+01 2.575946215139442996e-01 6.938042096967728285e-03 2.807519920318724549e-01 4.966352289508562355e-03
1.771844420695322597e+01 2.939339875111507960e-01 6.185023137372183503e-03 2.117528991971454055e-01 3.934080924745784677e-03
1.811961671234635673e+01 3.223242496050553463e-01 5.421241070228295655e-03 1.359103475513427917e-01 3.031475901677229030e-03
