0.000000000000000000e+00 6.230802047781569541e-01 2.215050292961195585e-02 3.711604095563137556e-02 8.318655267972614037e-03
2.076325559248011210e-01 5.905044510385757395e-01 1.913086008057475126e-02 7.232937685459940591e-02 6.836491709518006943e-03
6.228850687115463636e-01 5.836964415395788919e-01 1.871270332140786627e-02 8.315177923021059569e-02 6.696206750502222554e-03
1.107344233785604093e+00 5.653923541247485307e-01 1.715924468977394340e-02 5.767940979208585617e-02 6.118024864876537260e-03
1.591803398859663154e+00 5.131815458358298665e-01 1.493375415269093502e-02 6.201318154583581460e-02 5.347941076801298980e-03
2.007055911646407065e+00 5.565403422982886372e-01 1.555356231533800392e-02 7.334963325183380990e-03 5.613431145862926228e-03
2.422308424433152307e+00 5.567226890756302726e-01 1.519743196988314338e-02 -1.980792316926770213e-02 5.589526578727501728e-03
2.837560937219896218e+00 5.632832080200501634e-01 1.574638948243989311e-02 -6.203007518796993525e-02 6.244591049062085848e-03
3.183606797719326309e+00 5.778688524590164244e-01 1.602700361424260270e-02 -8.874527112232029336e-02 6.814351843861044151e-03
3.529646358687327456e+00 5.909742120343839389e-01 1.808638149927999095e-02 -9.616762177650430010e-02 7.687167755603787830e-03
4.014111823292815906e+00 6.265060240963855609e-01 2.041369370921122806e-02 -1.323293172690762631e-01 9.013403065908141484e-03
4.360151384260816165e+00 6.520547945205479312e-01 2.341053849707392179e-02 -9.543378995433791923e-02 9.566088252414096937e-03
4.706197244760246257e+00 6.078209764918626190e-01 2.261609352444331200e-02 -7.798372513562386310e-02 9.302347374632992036e-03
5.121449757546990611e+00 6.176069153776160281e-01 2.299593124770300465e-02 -1.296633303002728797e-02 8.508331337441348355e-03
5.605908922621049228e+00 6.437437934458789535e-01 2.549727445429605249e-02 7.472691161866928944e-02 9.070818698736545643e-03
6.021161435407793583e+00 6.014431239388794426e-01 2.156029753873120805e-02 8.361629881154498956e-02 7.433236239696546649e-03
6.297994344088479579e+00 5.856164383561643927e-01 2.042666562273722994e-02 8.763094278807413706e-02 7.146460762593630917e-03
6.782459808693968917e+00 5.965272591486183718e-01 1.923314222537954657e-02 8.140403286034353370e-02 6.577181610752626945e-03
7.197712321480712383e+00 5.745472186287192695e-01 1.674159446064823337e-02 9.734799482535573534e-02 5.697559031346178735e-03
7.612964834267456737e+00 6.121558092679650898e-01 1.780959335087535164e-02 7.471457353928812051e-02 6.079184467852932240e-03
7.959004395235457885e+00 5.981505515898767333e-01 1.700541734976062161e-02 4.120700843608047365e-02 5.810694887606749313e-03
8.443469859840945446e+00 6.006514657980456251e-01 1.702075991436925728e-02 9.609120521172648949e-03 5.964710508230169558e-03
8.858722372627688912e+00 5.988191423244251244e-01 1.619670702282848332e-02 -4.909881914232441802e-02 6.230676623762590287e-03
9.273968585883004323e+00 5.694701170671596646e-01 1.558300003675780129e-02 -6.300061614294516499e-02 6.146139778480172802e-03
9.758434050488492773e+00 5.862876254180602320e-01 1.684744031265587513e-02 -1.003344481605351057e-01 7.058763305649791951e-03
1.010447361145649303e+01 5.920958512160228171e-01 1.796272990042278861e-02 -1.013948497854077202e-01 7.512780561894518913e-03
1.051972612424323827e+01 5.967479674796748457e-01 2.022659834655678515e-02 -1.170731707317073378e-01 8.809836399580819530e-03
1.093497863702998352e+01 6.581018518518517713e-01 2.375470842079124498e-02 -1.097222222222222487e-01 9.905225760719824080e-03
1.141944410163547197e+01 7.045696068012752278e-01 2.783642572508263080e-02 -3.506907545164723167e-02 1.033579676601538953e-02
1.176548366260347045e+01 6.934400826446283084e-01 2.716758815019308312e-02 3.047520661157022276e-02 9.706017983347341865e-03
1.211152952310290054e+01 6.476282671829624027e-01 2.526604449181626966e-02 1.335914811229428900e-01 9.450838369568375502e-03
1.252678203588964578e+01 6.044386422976502082e-01 2.262368795782318184e-02 1.997389033942558456e-01 9.265561126843450956e-03
1.301124120096370440e+01 5.722670579603814645e-01 1.898088422126018721e-02 1.832355099046222013e-01 7.502729026511030866e-03
1.335728706146313449e+01 5.557387862796834277e-01 1.707440068026088234e-02 1.617744063324538517e-01 6.602081019329426176e-03
1.377253957424987973e+01 5.336700336700337388e-01 1.443460433722405963e-02 1.059203142536476044e-01 5.160144254862079546e-03
1.411858543474930983e+01 5.217717717717718084e-01 1.280755327243458114e-02 5.793293293293295260e-02 4.434960803945676468e-03
1.453383164800462168e+01 5.478092783505155161e-01 1.336729044590507023e-02 1.804123711340207756e-02 4.775181148979747679e-03
1.494908416079136693e+01 5.429707542329399450e-01 1.320416816563973854e-02 -1.282709081580295750e-02 5.002780573720923274e-03
1.543354962539685538e+01 5.602628635346755814e-01 1.444419120989828657e-02 -5.145413870246084292e-02 6.026498015057882816e-03
1.577958918636485741e+01 5.761476426799008177e-01 1.598113648563142739e-02 -9.723945409429275710e-02 7.343123263245421133e-03
1.619484169915159910e+01 5.642049234863606433e-01 1.694088087924521327e-02 -7.401862940785097766e-02 7.570943986738151374e-03
1.667930716375708755e+01 5.564971751412429724e-01 1.754762000542844230e-02 -1.241172316384180907e-01 8.463566985608074814e-03
1.709455967654383457e+01 5.099009900990099098e-01 1.699541225831600194e-02 -1.025459688826025617e-01 7.957933652262303564e-03
1.750981218933057804e+01 4.786652078774618069e-01 1.720562158666921401e-02 -6.564551422319474250e-02 7.532852421222239851e-03
1.785585175029858007e+01 4.693979933110368208e-01 1.571141266600305231e-02 -5.535117056856186241e-02 6.639206557131478031e-03
1.827110426308532354e+01 5.114365971107543984e-01 1.926018205292388472e-02 -1.364365971107547870e-02 7.560002716084303527e-03
1.875556342815938038e+01 5.529801324503311744e-01 2.033550085048689560e-02 -7.657284768211926676e-03 7.785235356980456205e-03
1.910160928865881047e+01 5.774760383386581264e-01 2.011055659971094228e-02 2.396166134185303415e-02 7.424522038054289126e-03
