0.000000000000000000e+00 3.204628598695721253e-01 4.210437852420344414e-03 1.073644027358040473e-02 2.419307206580752819e-03
2.002991222878631739e-01 3.222587367746072573e-01 4.089052766986725138e-03 -5.578711125360693440e-02 2.788048908059320014e-03
6.676677924401168696e-01 3.027418791477471394e-01 4.192510069758377880e-03 -1.327279077890324843e-01 3.618286090585889556e-03
1.001495611439316313e+00 2.831880826915281757e-01 4.658213551143667620e-03 -2.184333198216457106e-01 4.987898819278605185e-03
1.335329507659374526e+00 2.301767676767676740e-01 5.697543467558968330e-03 -3.105429292929293150e-01 7.029223852365228987e-03
1.802692100590770119e+00 1.581128466687918288e-01 7.466939982597461424e-03 -3.693815747529486937e-01 9.116633517441890405e-03
2.203290345166496689e+00 3.794037940379402229e-02 1.154580562556978621e-02 -4.083107497741644831e-01 1.217828070118359522e-02
2.737423363674419630e+00 -1.449163050216987214e-01 1.811733693134597381e-02 -3.172659640421574556e-01 1.345099071887229623e-02
3.071251182673618629e+00 -2.819809941520468044e-01 2.355215818054097812e-02 -5.427631578947371416e-02 1.159334639434794062e-02
3.538619852825872325e+00 -1.963505926388022793e-01 1.996489818998306923e-02 2.166250779787898262e-01 1.027495231822435871e-02
3.805683323469404744e+00 -2.843601895734604312e-02 1.439185707252736875e-02 3.757109004739336844e-01 9.898519431998207760e-03
4.139517219689463623e+00 1.150848631797713462e-01 1.000081010236549342e-02 3.578108763422238048e-01 7.512789921293255846e-03
4.673644160976526685e+00 2.101419601419601269e-01 7.785926499924011347e-03 3.276685776685776541e-01 5.973556711010104617e-03
4.940707631620057327e+00 2.632015024304021900e-01 6.275260102939906985e-03 2.507180733539549067e-01 4.333519997708860060e-03
5.341311953416643554e+00 3.039461467038068743e-01 5.219640345857288338e-03 1.637883008356545989e-01 3.086975956132866506e-03
5.675139772415843886e+00 3.267188859878155105e-01 4.844384196429926334e-03 9.630113141862489679e-02 2.661057649083435530e-03
6.142502365347239923e+00 3.313746150105365551e-01 4.374395425995747030e-03 2.362619549359702351e-02 2.471072881988667803e-03
6.543100609922966271e+00 3.221670465646369608e-01 4.189838188587004936e-03 -4.859980462390102451e-02 2.807679669616016706e-03
6.943698854498692619e+00 3.061369279886484440e-01 4.338103295687318652e-03 -1.263746009223128686e-01 3.663427450370233211e-03
7.277532750718751053e+00 2.739705882352941879e-01 4.549824153041220377e-03 -1.925980392156862731e-01 4.591091469066999921e-03
7.544596221362281696e+00 2.331017428167687644e-01 5.345805884340473595e-03 -2.765544041450777035e-01 6.276866723623070188e-03
7.945194465938009820e+00 1.637154861944777884e-01 6.966854288395092284e-03 -3.503151260504201447e-01 8.450286635944390459e-03
8.412563136090263072e+00 5.187376725838266367e-02 9.957203728701425130e-03 -3.735700197238659426e-01 1.048260519152780998e-02
8.746390955089463404e+00 -7.612885462555074589e-02 1.526122699083995796e-02 -3.652257709251101603e-01 1.304247955156738643e-02
9.213759625241717544e+00 -2.243546195652174058e-01 2.110390072389451560e-02 -1.455502717391304046e-01 1.169897602563330953e-02
9.547587444240916099e+00 -2.194501018329939601e-01 2.173762479140856768e-02 1.911065852002715448e-01 1.098971520545683964e-02
1.001495003717231214e+01 -5.567567567567566211e-02 1.637799566580416463e-02 3.562162162162162415e-01 1.071830675885484911e-02
1.034878393339237057e+01 7.386595831630571318e-02 1.200378679205897289e-02 4.109113199836534336e-01 9.378553720419381678e-03
1.081614652632376661e+01 1.858217763352021379e-01 8.467064675605899191e-03 3.487016819120684619e-01 6.624870518179563211e-03
1.128351519647602075e+01 2.524674742036787656e-01 6.353633290780413660e-03 2.585800807537012580e-01 4.430681773463823921e-03
1.161734301547521930e+01 2.906594469154902272e-01 5.439529911076884314e-03 1.895184683813575799e-01 3.357092387289343713e-03
1.201794126005094654e+01 3.168036998972251217e-01 4.668058806222022405e-03 9.707947927372387320e-02 2.470148080189469349e-03
1.248530993020319890e+01 3.267865784804001028e-01 4.277508686541561626e-03 2.113244071624455905e-02 2.363055076663466130e-03
1.275237340084673399e+01 3.281969099276791368e-01 4.191771642745856924e-03 -5.748685075608151590e-02 2.840867378919029792e-03
1.315297164542245945e+01 3.161178509532062142e-01 4.215613895149992324e-03 -1.239168110918544286e-01 3.516908267612983870e-03
1.355356988999818668e+01 2.992681374628765045e-01 4.930999389440175566e-03 -2.189223589308443019e-01 5.156223354402892159e-03
1.402093248292958094e+01 2.491694352159468107e-01 5.840237368563603107e-03 -2.935727063634039902e-01 6.879597565857594604e-03
1.435476637914963938e+01 1.615724092840797321e-01 7.626277871176896997e-03 -3.686662307943772698e-01 9.223180255553782222e-03
1.468859419814883971e+01 5.581999134573778498e-02 1.098646811863462566e-02 -3.896581566421463139e-01 1.154226978014183738e-02
1.515596286830109385e+01 -1.099415204678362290e-01 1.668057802358685962e-02 -2.913742690058478968e-01 1.226401302046566978e-02
1.548979068730029240e+01 -1.899937655860348684e-01 1.934829657923751653e-02 -3.475685785536161004e-02 9.788232339533809931e-03
1.589038893187601964e+01 -1.803877940241577216e-01 2.006761554610803425e-02 2.336300063572790964e-01 1.058150966099990001e-02
1.629098717645174688e+01 -2.606088560885622130e-02 1.395702983958297706e-02 3.393680811808117981e-01 9.157124684276405496e-03
1.669158542102747589e+01 1.270672546857773422e-01 1.060939577919941222e-02 3.871738331495773733e-01 8.338251017314666710e-03
1.702541931724753255e+01 2.136178861788617378e-01 7.759493341253349483e-03 3.172764227642276280e-01 5.885823078573756972e-03
1.742601756182326156e+01 2.674983440052991490e-01 6.296697806726521927e-03 2.575071759770368729e-01 4.408418355742986169e-03
1.775985145804331822e+01 3.006756756756756577e-01 5.361016041023584401e-03 1.692995812714122861e-01 3.219309798190032358e-03
1.822721405097471248e+01 3.203072248480756112e-01 4.652581573800473533e-03 9.339128966914246599e-02 2.513612828743095121e-03
