0.000000000000000000e+00 1.300715990453462645e-01 1.812187318697888044e-02 -4.765314240254575062e-01 1.819355505103951998e-02
3.335352923005814318e-01 5.032119914346888656e-02 2.584167706035740003e-02 -2.673982869379014637e-01 1.731474663170008699e-02
6.670766564966732481e-01 -4.224137931034466220e-02 2.962675442017655841e-02 6.752873563218399211e-02 1.482457036149605403e-02
1.067323864773778830e+00 4.270038167938938756e-02 2.485908332297138632e-02 4.074427480916031352e-01 1.619091081611522334e-02
1.534276917131899287e+00 1.615658362989323971e-01 1.859648297072973716e-02 5.128113879003558528e-01 1.506550087083081621e-02
1.867818281327990881e+00 2.722012281530468147e-01 1.237637299210189376e-02 4.044638639584318129e-01 9.502639043255711737e-03
2.334771333686111561e+00 3.123014472290857602e-01 9.313134118122684199e-03 3.074479350511824527e-01 6.335642798870794005e-03
2.735018541963216698e+00 3.548569810252053536e-01 7.528688089745771105e-03 2.145284621920136026e-01 4.276364968803592417e-03
3.135265750240323168e+00 3.736409760811790215e-01 6.435582990709892183e-03 1.405532737376177788e-01 3.146234423947286054e-03
3.535512958517429194e+00 3.859256710254645450e-01 6.045621555864125717e-03 6.297315898141776780e-02 2.805930709742658624e-03
3.869054322713521010e+00 3.897565457050987670e-01 5.815351094688300457e-03 -3.123564538355536394e-02 3.092595433595747480e-03
4.336007375071640801e+00 3.883030897498774281e-01 6.026287333811788938e-03 -1.056890632663070179e-01 4.001188499538446339e-03
4.669548739267732174e+00 3.772106109324758760e-01 6.323662833192757703e-03 -1.877009646302250923e-01 5.292811524252206447e-03
5.003084031568313605e+00 3.423017107309487272e-01 6.932577773078509725e-03 -2.688180404354588160e-01 6.988162423553878622e-03
5.536748999902957991e+00 3.014416775884665167e-01 9.500657804394780845e-03 -3.813892529488859817e-01 1.074632135162205751e-02
5.870290364099050251e+00 2.185943552850027616e-01 1.211855300401961689e-02 -4.208633093525179780e-01 1.326947357572284825e-02
6.270537572376156277e+00 9.386686611817507409e-02 1.731157683776417613e-02 -4.281974569932685548e-01 1.635916078687527433e-02
6.604072864676737709e+00 -4.240576496674064444e-02 2.766479760421433967e-02 -3.032150776053215147e-01 1.867887783150216224e-02
7.004320072953842846e+00 -5.452436194895593502e-02 2.977791573188137697e-02 1.061484918793503679e-01 1.433900459896513511e-02
7.337861437149935107e+00 6.322393822393823637e-02 2.473338904778446881e-02 3.648648648648649129e-01 1.528807672857417435e-02
7.738108645427042021e+00 1.757975034674064130e-01 1.777112129107035268e-02 4.221567267683771774e-01 1.279750894303343170e-02
8.138355853704148046e+00 2.604903347477605657e-01 1.235417903498688651e-02 4.092409240924092528e-01 9.565220119342578500e-03
8.538603061981252296e+00 3.455743879472693569e-01 1.004846728613744897e-02 3.323917137476459782e-01 7.018301430393033939e-03
8.938850270258360098e+00 3.627598674299488124e-01 8.039994152022696475e-03 2.315456462789996783e-01 4.693763676846481742e-03
9.405803322616478113e+00 3.803685047720042345e-01 7.129948801954706303e-03 1.654957582184517773e-01 3.687199710639268730e-03
9.806050530893585915e+00 3.872885230909922649e-01 6.073893938674497853e-03 7.115912208504800163e-02 2.843685114117587218e-03
1.013959189508967640e+01 3.890027322404371879e-01 5.829896438002664730e-03 -7.456739526411645599e-03 2.935143088468251688e-03
1.060654494744779619e+01 3.879562043795620752e-01 6.004527371001574902e-03 -8.722627737226278100e-02 3.759168343096182772e-03
1.094008631164388845e+01 3.681772023356181256e-01 5.985928032068196791e-03 -1.501015486164000989e-01 4.573195042154892809e-03
1.140703936400200824e+01 3.378639334521687521e-01 6.645497659440119040e-03 -2.519310754604872638e-01 6.556256946337648758e-03
1.174057465630258967e+01 3.142828843106181269e-01 8.669983774988489211e-03 -3.471671949286846415e-01 9.531019591948445072e-03
1.207411602049868193e+01 2.480106100795755331e-01 1.145747314470947111e-02 -4.316976127320954482e-01 1.308280176653380672e-02
1.254106907285680172e+01 1.668443496801707004e-01 1.592288396749065929e-02 -4.747690120824449855e-01 1.686897039887750790e-02
1.294131628113390597e+01 -2.240325865580472531e-02 2.479388470718009094e-02 -4.213340122199593085e-01 1.997334044834458283e-02
1.327485764532999823e+01 -5.665163472378798026e-02 2.874658446576849533e-02 -1.803833145434052820e-02 1.417287593109343817e-02
1.360839900952609050e+01 1.432748538011718864e-02 2.983145228720816486e-02 3.380116959064326521e-01 1.716941058739499676e-02
1.394193430182667193e+01 1.247040252565113638e-01 2.053727470068760982e-02 4.932912391475925973e-01 1.571104317473492537e-02
1.440889342608030432e+01 2.409409701928696967e-01 1.508598340113217508e-02 4.482758620689655249e-01 1.176484188369534591e-02
1.474242871838088398e+01 3.292682926829268442e-01 1.074370954452474013e-02 3.489837398373983879e-01 7.659555373980156921e-03
1.520938177073900555e+01 3.666557053600789651e-01 8.794196231343717404e-03 2.727721144360407690e-01 5.499603018090412458e-03
1.560963505091162240e+01 3.713846941387253797e-01 6.811030696643104350e-03 1.621448681853084328e-01 3.452076631443934569e-03
1.594317034321220206e+01 3.933333333333333681e-01 6.490376025164198807e-03 8.672839506172838608e-02 2.894274275127288638e-03
1.634341755148930986e+01 3.898403147419578496e-01 5.944920905956742156e-03 7.984262902105984314e-03 2.872182202775090155e-03
1.667695891568540034e+01 3.967169901749341143e-01 5.951294851670678628e-03 -7.296908698777856972e-02 3.491465685746018149e-03
1.707720612396250459e+01 3.839779005524862066e-01 6.224650728374360800e-03 -1.742962378321493977e-01 4.989389976646328370e-03
1.741074141626308602e+01 3.778080872913992527e-01 7.334187209746627009e-03 -2.500000000000000555e-01 6.791738586350550000e-03
1.787770054051671664e+01 3.312163202463432876e-01 8.472527017521351220e-03 -3.320823710546574326e-01 9.080701714183073842e-03
1.827794774879382089e+01 2.860669226549644173e-01 1.202895237497810833e-02 -4.285518376302797083e-01 1.338743778347273490e-02
