0.000000000000000000e+00 -1.995631453534549848e-01 2.365258437864559138e-02 5.718824463860211482e-02 1.138429810867997577e-02
3.984636451019607506e-01 -8.953562340966925159e-02 1.870017642886226059e-02 2.956424936386768398e-01 1.085439802387859649e-02
7.969393800637485370e-01 5.211970074812966036e-02 1.422001036930655229e-02 4.276807980049875946e-01 1.085560288407434563e-02
1.062583825108360358e+00 1.650660264105642261e-01 1.110148334098304962e-02 4.108643457382952779e-01 8.981721375413991362e-03
1.461053515140234849e+00 2.559133656312340133e-01 7.858646223569352648e-03 3.062125961812481867e-01 5.754318238465050243e-03
1.925932805200783582e+00 2.988539013660569399e-01 6.352708952668124388e-03 2.141699467469321272e-01 3.985882921931718087e-03
2.390812095261332093e+00 3.274017891870867336e-01 5.288754821952889977e-03 1.325845974329054600e-01 2.856242409578118972e-03
2.722872185264531453e+00 3.419619785898855291e-01 4.925831275071101620e-03 7.179771133259504889e-02 2.504423208950887388e-03
3.054932275267731701e+00 3.420010797192730156e-01 4.618169025814602285e-03 -1.493611660968147820e-02 2.672485133736908752e-03
3.586221165356954454e+00 3.321320182094081863e-01 4.629742810063459946e-03 -9.313353566009105466e-02 3.370067094949827109e-03
3.918281255360154258e+00 3.186284868977176665e-01 4.873597770430528747e-03 -1.900359256128487107e-01 4.688723880071153649e-03
4.250341345363353618e+00 2.996300863131936554e-01 5.555485950767722995e-03 -2.506781750924784169e-01 6.007548935148009084e-03
4.648811035395228330e+00 2.338684293358513910e-01 6.951647869276183188e-03 -3.441926345609064297e-01 8.467558671798118899e-03
5.047274680497189081e+00 1.422505307855626566e-01 9.758641089675612612e-03 -4.105095541401272974e-01 1.144419058902469526e-02
5.512160015487650888e+00 -4.741100323624602986e-02 1.677983829336683955e-02 -4.487055016181229483e-01 1.594408870590511076e-02
5.910629705519525601e+00 -1.409023668639052262e-01 2.058542246490178973e-02 -2.912352071005916421e-01 1.419099738698730365e-02
6.242683750592812331e+00 -2.261200338123413589e-01 2.514152953581104410e-02 1.648351648351644924e-02 1.192106621883364144e-02
6.707569085583274138e+00 -1.001779359430603478e-01 2.080527053823537365e-02 3.473309608540924853e-01 1.266594006033041654e-02
7.106038775615147962e+00 6.776416539050544863e-02 1.432710958297247518e-02 4.351710056151097405e-01 1.103767585181308734e-02
7.504508465647021787e+00 1.742943548387096975e-01 1.114147077569331915e-02 4.060483870967742104e-01 8.956613012566538509e-03
7.836562510720308516e+00 2.597542242703533288e-01 8.462478081455393486e-03 3.336405529953916926e-01 6.416929231163521520e-03
8.301447845710770324e+00 3.050847457627118287e-01 6.468338554953104863e-03 2.435570002321801319e-01 4.301940796116759946e-03
8.699911490812731074e+00 3.387487386478305051e-01 5.595500650388534475e-03 1.568113017154389721e-01 3.154279630794184532e-03
9.098387225774519749e+00 3.407063197026022339e-01 4.978463047897072405e-03 7.815985130111521850e-02 2.547663528952690166e-03
9.430441270847806479e+00 3.459381219468065649e-01 4.709599698363695075e-03 7.418129184005793110e-03 2.582560104589097603e-03
9.696085715892417412e+00 3.347616497054097806e-01 4.453848161332641525e-03 -7.150508837707551801e-02 3.081166820114002083e-03
1.016097105088287833e+01 3.163607657390961059e-01 4.695240178697798576e-03 -1.413064929938819547e-01 4.000346267384426342e-03
1.042661549592748926e+01 2.994954348870735306e-01 5.422427338220407907e-03 -2.403892359442575954e-01 5.770258591663647227e-03
1.089149478598803888e+01 2.535829189821585672e-01 6.444884612191475147e-03 -3.193185141854343323e-01 7.705438698688555146e-03
1.128996447601991449e+01 1.573012939001848243e-01 8.369070150335829877e-03 -4.048983364140480434e-01 1.041390700120732940e-02
1.168843416605178831e+01 5.260640841702535209e-02 1.178111406398645727e-02 -3.908417025346723750e-01 1.206173127676679960e-02
1.202049425605498811e+01 -1.266328011611030924e-01 1.976134895753907730e-02 -3.688316400580550769e-01 1.535281102475350400e-02
1.235255434605818792e+01 -2.290948275862068062e-01 2.550955077535238189e-02 -5.969827586206897380e-02 1.272308674763393543e-02
1.268460839113147287e+01 -2.206967213114753301e-01 2.481096351176968751e-02 2.094262295081966985e-01 1.222853305674053218e-02
1.308307808116334670e+01 4.866518353726312363e-03 1.594317839383511959e-02 3.781979977753059385e-01 1.095340148149630093e-02
1.348154777119522052e+01 1.492484734617191000e-01 1.300716716308635175e-02 4.624236730859557776e-01 1.092888575555678483e-02
1.401284270621435901e+01 2.408497772119668201e-01 8.781348235661521132e-03 3.507320178230426411e-01 6.818727329052698405e-03
1.427848715125896994e+01 2.901797692514085925e-01 7.391770163397651076e-03 2.830024148108398752e-01 5.194091213926830750e-03
1.474336644131952134e+01 3.130326335481188882e-01 5.645918440945443123e-03 1.607254209104136133e-01 3.197594147022417461e-03
1.507542653132271937e+01 3.405756207674943692e-01 5.034130892210426575e-03 9.518434913468774849e-02 2.532357506425826892e-03
1.554030582138326722e+01 3.462643678160919891e-01 4.634561049764274014e-03 3.547054597701139456e-03 2.517220866495732505e-03
1.587236591138646702e+01 3.457896672182386721e-01 4.565649505543084574e-03 -5.823680823680823376e-02 2.915075216549278987e-03
1.633724520144701486e+01 3.269781230832141117e-01 4.790507162866385581e-03 -1.584031895317931093e-01 4.207102401412827347e-03
1.666930529145021467e+01 3.207320009631591806e-01 5.468182003540434689e-03 -2.410907777510233607e-01 5.767114752865435193e-03
1.706777498148208849e+01 2.625737348649488379e-01 6.887770055079500513e-03 -3.344458242781744861e-01 8.262515845462543515e-03
1.746624467151396232e+01 2.070121951219512368e-01 9.232171450045479136e-03 -3.929878048780487965e-01 1.090657648983899691e-02
1.779829871658725082e+01 2.993574766355133754e-02 1.455859789186250870e-02 -4.214369158878504829e-01 1.442359941497713474e-02
1.826318405157771352e+01 -1.336765827612509394e-01 2.105839059857616061e-02 -3.154080854309687654e-01 1.506331507207575235e-02
