0.000000000000000000e+00 6.803135888501742334e-01 1.983118596747882739e-02 4.006968641114977588e-03 6.260560627354794065e-03
3.378416184350876428e-01 6.917562724014336695e-01 2.053728790349143227e-02 2.329749103942649682e-02 6.379310850019453277e-03
8.108297247093307902e-01 7.158327109783421127e-01 2.157006391608361912e-02 -9.895444361463773611e-03 6.888173904283667083e-03
1.148671343144418877e+00 6.832524271844659935e-01 1.973361811169118199e-02 -3.120665742024964981e-02 6.568582002584527103e-03
1.486519111870206578e+00 7.075722983257231036e-01 2.171438856375922447e-02 -3.862252663622526422e-02 7.285597372779326064e-03
1.959501067853749445e+00 6.906137184115523908e-01 2.054763185673378137e-02 -2.364620938628159141e-02 6.771697671536308465e-03
2.297348836579537146e+00 6.973583460949465129e-01 2.167739002683628097e-02 -1.703675344563554059e-02 7.020507075022667381e-03
2.635196605305325068e+00 7.128953771289536778e-01 2.295834627416454971e-02 -4.866180048661800095e-02 7.823169899276392544e-03
3.040605317369291072e+00 7.088068181818181213e-01 2.292610804256894896e-02 -1.846590909090907798e-02 7.374540069081191029e-03
3.446026330014656303e+00 7.051028481012657778e-01 2.235647949452168257e-02 -3.738132911392403473e-02 7.435394435104275210e-03
3.851435042078621862e+00 7.214000000000000412e-01 2.293674711025955881e-02 2.000000000000014353e-03 7.227945766260285634e-03
4.256849904433286369e+00 7.188019966722130061e-01 2.365908585843608594e-02 1.830282861896836283e-02 7.322320762081515298e-03
4.729838010707529961e+00 7.369174161896975273e-01 2.371689582036844157e-02 4.047424366312343119e-02 7.267694114994619620e-03
5.067679629142618047e+00 7.330685618729098074e-01 2.408067199385834078e-02 3.135451505016722401e-02 7.486700433280979450e-03
5.405527397868405970e+00 7.040273556231003704e-01 2.171436640581025923e-02 1.576747720364740993e-02 6.730488791663988453e-03
5.810942260223071365e+00 7.161241483724452017e-01 2.179691317802851663e-02 1.495079485238455519e-02 6.574174801413053444e-03
6.283924216206614233e+00 6.807692307692307931e-01 1.997805958452907038e-02 3.461538461538462425e-02 6.182030244221333945e-03
6.554204891303524683e+00 6.799858557284299554e-01 2.008948938105912727e-02 2.475247524752473977e-02 6.149763396502440187e-03
7.027186847287066662e+00 7.087396849212304062e-01 2.155427754301382851e-02 2.250562640660157092e-03 6.803864064947056159e-03
7.365028465722155637e+00 7.367291178766588455e-01 2.272555368112954763e-02 -1.756440281030428267e-03 7.093371106679668796e-03
7.770449478367520868e+00 6.850809289232934196e-01 2.003840435761518671e-02 -2.691766361717097544e-02 6.691156505102518158e-03
8.175858190431487316e+00 7.178143712574851509e-01 2.158862203142991598e-02 -3.255988023952094412e-02 7.092687149505731009e-03
8.581273052786151823e+00 6.980421686746988152e-01 2.131865534793439890e-02 -3.124999999999998959e-02 6.926457415092331614e-03
8.919120821511938857e+00 7.025533536585365502e-01 2.161721693609915812e-02 -1.943597560975612870e-02 6.841019354398731114e-03
9.324535683866603364e+00 6.936178543461237744e-01 2.199441308968133960e-02 -4.150352388410338128e-02 7.470658381267011698e-03
9.662383452592392175e+00 7.100806451612903247e-01 2.288516592688058168e-02 -8.669354838709656189e-03 7.373331817387950189e-03
1.013536540857593593e+01 7.562125107112254163e-01 2.488484902070090682e-02 -2.356469580119968914e-03 7.807017330243900231e-03
1.047321317730172474e+01 7.620865139949110079e-01 2.486777085839590382e-02 2.184054283290922521e-02 7.706857581491786263e-03
1.081105479573681194e+01 7.204301075268817467e-01 2.355860740872957673e-02 6.203473945409429709e-03 7.391553144770631606e-03
1.128404290201105376e+01 7.063031709203403397e-01 2.215553021351759563e-02 3.692962103634957888e-02 6.885536658545473622e-03
1.162188452044614273e+01 6.995064540622628613e-01 2.167147707039779325e-02 4.119210326499621322e-02 6.583286766633871662e-03
1.209486647642968471e+01 6.712014134275618993e-01 2.000962500362486740e-02 4.222614840989400570e-02 6.169514664464385498e-03
1.250028748907505260e+01 7.127008416220351750e-01 2.201447468437238084e-02 3.213465952563122202e-02 6.709990486202082813e-03
1.297326944505859458e+01 6.790705800139761328e-01 1.984951322420827613e-02 1.572327044025142138e-03 6.282162169659832179e-03
1.337868430741325909e+01 7.068280346820808857e-01 2.080315778878210134e-02 -1.210260115606937026e-02 6.563431198217311267e-03
1.371652592584834629e+01 6.937588152327220925e-01 2.012559428193926372e-02 -4.301833568406205482e-02 6.729634099696134124e-03
1.405437369457413332e+01 7.015250544662310350e-01 2.078756523854083035e-02 -1.470588235294119188e-02 6.575579597104593867e-03
1.439222146329992214e+01 7.114055299539170374e-01 2.194157782960170014e-02 -3.840245775729649730e-02 7.341104582689333621e-03
1.486520341928346589e+01 7.258000000000000007e-01 2.290913599418363533e-02 -3.660000000000000753e-02 7.512100105829262742e-03
1.520305118800925470e+01 7.369769427839455433e-01 2.437202466362668740e-02 -4.718189581554227408e-02 8.156732617263422538e-03
1.567603314399279668e+01 7.371533442088090693e-01 2.355042555714023655e-02 -1.753670473083197498e-02 7.583431203383400251e-03
1.608144800634746474e+01 7.099918765231520990e-01 2.298969638837134941e-02 -9.545085296506881575e-03 7.333081707656067399e-03
1.641928962478255016e+01 7.312656119900085017e-01 2.391732808454111181e-02 2.268942547876769134e-02 7.388627329820486069e-03
1.689227773105679375e+01 7.257727652464496249e-01 2.394128908896024643e-02 5.054302422723477850e-02 7.294785719152014659e-03
1.729769259341145826e+01 6.990704879938032246e-01 2.207300340185548021e-02 4.047250193648335714e-02 6.873383929507475600e-03
1.763553421184654724e+01 7.268924302788843939e-01 2.301958271920833549e-02 3.266932270916335368e-02 7.049741625779952156e-03
1.810852231812078728e+01 6.999632082413539402e-01 2.108190245812987737e-02 2.538631346578367268e-02 6.412259033696405056e-03
1.858150427410433281e+01 6.967445152158527888e-01 2.043973933923508984e-02 4.334748761500355901e-02 6.228990991502412512e-03
