0.000000000000000000e+00 6.912650602409637912e-01 2.154596737216939867e-02 1.001506024096385644e-01 6.658731460329571535e-03
2.661055504325586796e-01 6.965478841870824667e-01 2.131431500309355007e-02 7.071269487750558858e-02 6.497947892774100752e-03
6.652578207964912060e-01 6.812762973352033402e-01 2.010385651749348537e-02 7.030154277699859899e-02 6.137957212059714715e-03
1.130933451126111322e+00 6.762734584450401654e-01 1.924301626828432005e-02 5.512734584450403041e-02 5.810617947172345456e-03
1.463562361524356925e+00 6.732484076433120634e-01 1.835219722206563736e-02 1.003184713375796823e-02 5.808344535144015046e-03
1.862708576603384847e+00 6.799533022014676575e-01 1.907159862979340356e-02 -1.601067378252165815e-02 6.134950199019091263e-03
2.261860846967318039e+00 6.765191545574636978e-01 1.881981271602143485e-02 -3.880449141347421665e-02 6.314784588251680375e-03
2.594489757365563420e+00 6.896847155586017797e-01 1.955114791163274288e-02 -6.477039067854695187e-02 6.832412922124553312e-03
2.993642027729496391e+00 6.755930984902946967e-01 2.009986939769467865e-02 -8.734723220704530833e-02 7.496575492147062800e-03
3.392794298093428917e+00 7.194244604316546443e-01 2.266376681738540080e-02 -8.792965627498003367e-02 8.126778837793679350e-03
3.725423208491674743e+00 7.264903442485305396e-01 2.382200403765166383e-02 -7.409739714525608034e-02 8.445034722069061361e-03
4.191098838821294414e+00 7.446140035906642085e-01 2.554853381483274469e-02 -5.632854578096948422e-02 8.736560834316538585e-03
4.590251109185227385e+00 7.403136531365313022e-01 2.610638692879925157e-02 -3.205719557195571556e-02 8.656434883562309432e-03
4.922880019583472766e+00 7.686496694995279544e-01 2.718404391956791635e-02 1.392823418319165396e-02 8.360697685321119565e-03
5.322032289947405737e+00 7.198535745047373036e-01 2.445496178952955013e-02 4.608096468561584391e-02 7.553338464027824564e-03
5.854231280242712998e+00 7.129552980132449758e-01 2.363943686781212750e-02 8.257450331125826271e-02 7.304580913287927676e-03
6.186860190640959267e+00 7.102635782747603876e-01 2.285590110354096538e-02 7.627795527156550071e-02 6.918728633438723206e-03
6.586012461004891350e+00 7.166030534351145453e-01 2.219522084718561494e-02 9.770992366412216412e-02 6.771744075118027797e-03
6.918635316118232126e+00 6.957295373665479676e-01 2.058389719873638529e-02 6.459074733096081822e-02 6.303016964676328229e-03
7.317787586482164208e+00 6.766358228684732357e-01 1.896839957307464367e-02 2.842035690680767487e-02 5.789235852509672445e-03
7.650416496880410477e+00 6.954297407912688467e-01 1.976616644984480545e-02 2.336289222373804167e-02 6.064813616509593004e-03
8.182621542460621455e+00 6.696371737746659170e-01 1.818267595676059667e-02 -1.161680458306809348e-02 5.767147043203565103e-03
8.515244397573962232e+00 6.658464566929134243e-01 1.853215969953724354e-02 -4.117454068241470366e-02 6.238642881088254412e-03
8.847873307972207613e+00 7.007246376811594457e-01 2.068838326653867424e-02 -6.322463768115942073e-02 7.249233119588499585e-03
9.313548938301828173e+00 6.898848092152627398e-01 2.034260445707360837e-02 -6.911447084233260374e-02 7.136513805990180558e-03
9.646177848700073554e+00 7.322150363783347382e-01 2.301057281837777524e-02 -1.216653193209377704e-01 8.725489063764317946e-03
1.004533011906400652e+01 7.463171577123048905e-01 2.475199278908954068e-02 -8.882149046793759439e-02 8.852158133088535580e-03
1.051100574939362708e+01 7.188573883161513134e-01 2.410772047365968007e-02 -5.734536082474226554e-02 8.153722220043036276e-03
1.091015801975756006e+01 7.652495378927910430e-01 2.653902448025348415e-02 -4.251386321626616366e-02 8.707656599921429624e-03
1.137583365008718062e+01 7.982456140350877583e-01 2.983095232671844135e-02 2.063983488132093216e-02 9.098240595691241620e-03
1.170846256048542600e+01 7.374326750448831902e-01 2.566388579143461315e-02 6.665170556552961478e-02 7.880766249765221512e-03
1.210761483084935897e+01 7.702156334231806678e-01 2.634578207563144370e-02 8.580413297394429151e-02 8.083472352915435991e-03
1.250676710121329194e+01 7.286307053941908363e-01 2.395237349177024508e-02 9.087136929460577772e-02 7.309286863040118445e-03
1.297244273154291072e+01 7.167805618830676018e-01 2.206245497858692547e-02 1.055429005315110386e-01 6.585948173522334845e-03
1.323854828197546851e+01 6.879738111647140109e-01 1.992620755383704007e-02 7.167470709855272570e-02 6.050637030699201196e-03
1.363770055233940148e+01 6.594437257438552358e-01 1.844094306013503368e-02 5.708279430789132969e-02 5.586760950253509203e-03
1.403684676741842807e+01 6.799342105263157521e-01 1.892476272299799256e-02 2.417763157894739848e-02 5.742973695444835575e-03
1.436947567781667701e+01 6.970491803278688892e-01 1.908862233885379525e-02 -4.426229508196714152e-03 5.950341020326498781e-03
1.476862794818060820e+01 6.718954248366012516e-01 1.861980690229011678e-02 -3.513071895424835223e-02 6.288647476146132578e-03
1.516778021854454117e+01 6.904843110504775838e-01 1.951462369245294051e-02 -6.718963165075034216e-02 6.931012999688287296e-03
1.556693248890847592e+01 7.106139053254437732e-01 2.109897803068793223e-02 -8.912721893491121206e-02 7.605759911713667366e-03
1.583303198405612910e+01 7.110465116279069964e-01 2.200898490653322576e-02 -7.887596899224808000e-02 7.880260757854329681e-03
1.629871366967065427e+01 7.040857605177993639e-01 2.268863082764596695e-02 -8.434466019417474758e-02 8.267402287333951855e-03
1.669786594003458546e+01 7.165798611111112715e-01 2.429643422826780266e-02 -7.291666666666668517e-02 8.582343721043918239e-03
1.716354157036420602e+01 7.740847784200386439e-01 2.775673683658499979e-02 -5.780346820809279494e-03 8.857682484011907345e-03
1.756269384072813722e+01 7.354651162790698526e-01 2.545148990553102591e-02 1.274597495527727241e-02 8.040474786227817805e-03
1.789532275112638260e+01 7.365229110512130362e-01 2.564312497988768813e-02 4.267744833782566305e-02 7.999796307092424397e-03
1.829446896620541096e+01 7.433628318584071248e-01 2.549993172427570190e-02 7.522123893805311712e-02 7.835422683261553112e-03
