0.000000000000000000e+00 3.238799999999999457e-01 4.131019329899098154e-03 -2.147999999999998869e-02 2.550965006424039342e-03
3.350841083228042194e-01 3.199633379888268125e-01 4.297141523284002916e-03 -9.754713687150837198e-02 3.299786352307459980e-03
8.041969799906283356e-01 2.994931425163983030e-01 4.638196332222580855e-03 -1.858477439872789072e-01 4.554144214294966742e-03
1.206295469985943614e+00 2.593650068524440133e-01 5.151736037513452923e-03 -2.640475102786660200e-01 5.990399375089395725e-03
1.541379578308747833e+00 1.995551090700344310e-01 6.502530434852913516e-03 -3.455797933409874290e-01 8.152272889539614181e-03
2.010492449976571727e+00 1.037753928708317064e-01 9.274255482425688285e-03 -3.726523572249904048e-01 1.028693560175548971e-02
2.345576558299375947e+00 -5.614688664183076217e-02 1.461049202469353291e-02 -3.227780734433208787e-01 1.202110717522038644e-02
2.814689429967200951e+00 -2.181028724114897344e-01 2.077019031084952061e-02 -1.325985303941215887e-01 1.156910061785049876e-02
3.149773538290005170e+00 -2.611576011157601407e-01 2.271535321040265079e-02 1.502789400278940202e-01 1.102905183187182121e-02
3.484851546632683483e+00 -7.762370853724864794e-02 1.657913391983416654e-02 3.357803153887983227e-01 1.046544675470651234e-02
3.953970518280634838e+00 8.560460652591167507e-02 1.115741012187872194e-02 3.718809980806142557e-01 8.390128799859343858e-03
4.423083389948458510e+00 1.760602678571428492e-01 7.980869312398549548e-03 3.239397321428570953e-01 6.046752336327712064e-03
4.825181879943774454e+00 2.404509894155545113e-01 6.462536799425756123e-03 2.614473078693050900e-01 4.524746758337144445e-03
5.160259888286450547e+00 2.848986020870249991e-01 5.479166416377365470e-03 1.878814727308525112e-01 3.377228057347846438e-03
5.562358378281766491e+00 3.125217240180743206e-01 4.783799460126760515e-03 1.095759471671880481e-01 2.646553288047924762e-03
6.031477349929717846e+00 3.241328773815339570e-01 4.353491276137300657e-03 2.751994789122292825e-02 2.462336103223050198e-03
6.433575839925032014e+00 3.287757150025087949e-01 4.310119247806397207e-03 -3.972236159892959112e-02 2.803949851151405458e-03
6.902688711592857018e+00 3.153730551626591216e-01 4.312187991940831001e-03 -1.142149929278642312e-01 3.497045939429822836e-03
7.304787201588171186e+00 2.847669202262531618e-01 4.514625240975693801e-03 -1.909986346791495981e-01 4.560321855730233194e-03
7.639871309910975405e+00 2.343896713615023497e-01 5.308554978495699447e-03 -2.705985915492957750e-01 6.191779131306839219e-03
8.108984181578799522e+00 1.743227326266195143e-01 6.731010516077012666e-03 -3.361307420494700215e-01 8.103813682915125133e-03
8.444068289901604629e+00 7.354709418837668267e-02 9.846663495122981100e-03 -3.885771543086171675e-01 1.083073581573479327e-02
8.913181161569429634e+00 -8.151878062057704710e-02 1.503999537261098765e-02 -3.783342406096897315e-01 1.314820710492348513e-02
9.315279651564743801e+00 -2.112745098039215952e-01 2.003131476967121016e-02 -1.758169934640522458e-01 1.157333036939387286e-02
9.717378141560057969e+00 -2.208067940552016495e-01 2.219749165665813734e-02 1.233191790516631331e-01 1.081988988341344750e-02
1.011947663155537391e+01 -7.874015748031493178e-02 1.703113943818607492e-02 3.467379077615298510e-01 1.081418519755058399e-02
1.045455463989804912e+01 5.730720068172123760e-02 1.247060241369177432e-02 4.089262888794205075e-01 9.596449205936401564e-03
1.085665312989336506e+01 1.760364321608039462e-01 8.899439431594517377e-03 3.456344221105527303e-01 6.852175019074758545e-03
1.119173723821617017e+01 2.452357683850475978e-01 6.911881826389647612e-03 2.904348888345956170e-01 5.087288323520611916e-03
1.152682134653897350e+01 2.914734932473291851e-01 5.648190686718883996e-03 2.021769804474904397e-01 3.571349215499337697e-03
1.192891983653428767e+01 3.152307963354474829e-01 4.816937025201551217e-03 1.141208597603946412e-01 2.616793839099835692e-03
1.239803270820211090e+01 3.253540121375589900e-01 4.481969132267910744e-03 4.007923128792988121e-02 2.434343829329050583e-03
1.280013119819742862e+01 3.272130350194552006e-01 4.131928563772126195e-03 -3.749189364461739254e-02 2.636659850003796046e-03
1.313521530652023195e+01 3.164939550949913416e-01 4.225173095097321113e-03 -1.049654576856649535e-01 3.339436442163480189e-03
1.353730769653541977e+01 2.991595787768327463e-01 4.717611985640483320e-03 -1.933981368975293547e-01 4.703515605632225920e-03
1.393940618653073393e+01 2.581015719467956160e-01 5.415207380196757764e-03 -2.750906892382103397e-01 6.323337595234455530e-03
1.434150467652604810e+01 1.888415404040403867e-01 7.187943954037421569e-03 -3.706597222222222099e-01 9.043145664164769018e-03
1.467658878484885143e+01 8.764822134387345587e-02 9.589551031778286577e-03 -4.026679841897233825e-01 1.098283069571119770e-02
1.507868727484416915e+01 -6.761853448275867429e-02 1.472701164176202192e-02 -3.523706896551723755e-01 1.250969719719074134e-02
1.548078576483948154e+01 -2.228654124457306596e-01 2.195818481297408253e-02 -1.774602026049204029e-01 1.257379537002638499e-02
1.574884939150964946e+01 -2.343643779741672040e-01 2.161722139740873683e-02 1.449694085656016429e-01 1.028547122247242158e-02
1.608393349983245457e+01 -1.103498542274052863e-01 1.787907819090661307e-02 3.373177842565597828e-01 1.095935916058939780e-02
1.655304637150027958e+01 7.558139534883723254e-02 1.245634860150266789e-02 4.051464254952626964e-01 9.602355792485682898e-03
1.695514486149559374e+01 1.852409638554216031e-01 9.026625236077990416e-03 3.756341154090044321e-01 7.308902327257241205e-03
1.729022896981839708e+01 2.593260382989306390e-01 7.059261544461248490e-03 2.971275802039293756e-01 5.257581448038855035e-03
1.762531307814120396e+01 2.906688687035507979e-01 5.768396899008388853e-03 2.071118909991742640e-01 3.663803620668349813e-03
1.809442594980902541e+01 3.150471614166221457e-01 4.883459225548405190e-03 1.205285638013881139e-01 2.679893033954158527e-03
1.849652443980433958e+01 3.290720470511354079e-01 4.403915987992537175e-03 4.999183140009801768e-02 2.381101336488003744e-03
