0.000000000000000000e+00 2.524271844660197495e-02 1.690977334707894839e-02 -3.042071197411002625e-01 1.299307162513105643e-02
3.343573254409730744e-01 -1.096799375487899075e-01 2.228806208769253810e-02 -6.498829039812642483e-02 1.141071246751215913e-02
8.024527116587076847e-01 -7.342406876790774639e-03 2.013885081222093268e-02 2.138252148997134561e-01 1.074831196479096758e-02
1.136810037099681647e+00 1.051724137931034919e-01 1.599928728805658298e-02 3.567528735632183867e-01 1.064020893575162025e-02
1.604905423317416258e+00 1.991228070175438125e-01 1.227454618901525907e-02 3.837719298245613753e-01 9.119885440124750331e-03
1.939256662008854937e+00 2.803434478159386734e-01 9.428352795195268227e-03 3.396965655218405766e-01 6.883253460516465007e-03
2.340489104587743618e+00 3.238410596026489729e-01 7.547731576065417822e-03 2.564238410596026418e-01 4.851865730992639160e-03
2.674840343279182076e+00 3.491749547920434127e-01 6.462477045834000115e-03 1.836573236889692817e-01 3.630536519827284696e-03
3.009197668720155150e+00 3.565906838453914984e-01 5.563551254557582391e-03 9.990089197224974460e-02 2.752635501712271358e-03
3.477293054937889760e+00 3.627240477968632915e-01 5.151355910829850601e-03 3.267363704256907170e-02 2.594853500025418903e-03
3.811650380378863723e+00 3.591495823842065782e-01 5.046502875157663805e-03 -4.095482156416097030e-02 2.969863132186131502e-03
4.212876736208217565e+00 3.479959919839679672e-01 5.089726835397479637e-03 -1.133266533066132342e-01 3.698392436156067425e-03
4.614103092037571408e+00 3.324022346368715186e-01 5.708240129971908945e-03 -1.909916201117318468e-01 5.057273542681474561e-03
4.948454330729010309e+00 2.971073263044066159e-01 6.354267294448655810e-03 -2.730467693971343479e-01 6.679872767778312175e-03
5.416555803696279980e+00 2.432177197802197766e-01 7.996721915428561117e-03 -3.422046703296703352e-01 8.890563610751172491e-03
5.750907042387717993e+00 1.658186864014801198e-01 1.101384841013472969e-02 -4.110777058279371232e-01 1.203675159064428700e-02
6.219002428605453048e+00 5.870674985819634983e-02 1.444674546723504101e-02 -3.319625638116845412e-01 1.220212557892346936e-02
6.486490723658045354e+00 -6.534954407294835121e-02 2.091730205316988389e-02 -2.015577507598783902e-01 1.282036039153656992e-02
6.954586109875779520e+00 -5.655226209048347386e-02 2.194474740599971010e-02 8.424336973478942225e-02 1.078301894821719759e-02
7.288943435316753927e+00 2.456445993031364239e-02 1.963458253784355900e-02 3.451219512195121686e-01 1.219107242554378322e-02
7.690169791146107769e+00 1.732736572890025695e-01 1.424735120691551955e-02 3.930946291560101780e-01 1.038603429937214745e-02
8.091396146975462500e+00 2.497156937073541361e-01 1.056916196627200391e-02 3.534874905231235043e-01 7.693235446728987660e-03
8.425747385666900513e+00 3.086124401913876714e-01 8.473006873912704295e-03 2.980711722488037507e-01 5.808117182420922779e-03
8.760104711107873143e+00 3.425657735940139670e-01 6.881450331254035380e-03 2.178373159546222182e-01 4.083991951223309678e-03
9.161331066937227874e+00 3.499069671283853711e-01 5.827456952460637225e-03 1.340190200537523246e-01 2.989268471140116290e-03
9.562557422766582604e+00 3.679151803408641230e-01 5.492829683296763209e-03 5.643083630598494382e-02 2.665780973370686542e-03
9.963783778595935559e+00 3.645378629721010011e-01 5.136812670823187078e-03 -5.741127348643003739e-03 2.744892298167588788e-03
1.023126598689899502e+01 3.620416253716551291e-01 5.191667981220711957e-03 -7.789890981169474149e-02 3.372888173733223222e-03
1.069936745986626292e+01 3.457014072119612980e-01 5.468391384670213615e-03 -1.648526824978012173e-01 4.537732282086982295e-03
1.110058772894608303e+01 3.200291236431029862e-01 6.343678896463807865e-03 -2.349086576648133085e-01 6.059472396604409679e-03
1.143494505438705566e+01 2.773037542662116772e-01 7.223962530637342665e-03 -3.122866894197952048e-01 7.871500262617181498e-03
1.190304044060479072e+01 2.065344224037339860e-01 9.129915091636485458e-03 -3.596849474912484634e-01 9.900619154830642490e-03
1.223739776604576512e+01 9.480413492927108887e-02 1.359311065167183308e-02 -3.619423286180630805e-01 1.246658307284407435e-02
1.270549315226349840e+01 2.454909819639283786e-02 1.753859657715525072e-02 -2.266199064796259321e-01 1.181710327064080558e-02
1.303985047770447103e+01 -6.637168141592919568e-02 2.251951062640075371e-02 -1.387771520514881687e-02 1.142501923164467199e-02
1.350794586392220609e+01 -5.572065378899315746e-04 2.099304887329280639e-02 2.711738484398217297e-01 1.197188251245309698e-02
1.390917221975155904e+01 1.371224165341813350e-01 1.502508970018239139e-02 4.301801801801801717e-01 1.141620100730987228e-02
1.424352954519253345e+01 2.416322314049587083e-01 1.174860280792283662e-02 4.175619834710743161e-01 9.382157325682640922e-03
1.457788687063350608e+01 2.874920735573874286e-01 8.895974414042209441e-03 3.083386176284083069e-01 6.160609923448194698e-03
1.497910713971332619e+01 3.197717687918630869e-01 6.908959201611657164e-03 2.082609774249565837e-01 3.992120308937594300e-03
1.538033349554268270e+01 3.413470993117010965e-01 5.437235086267835221e-03 1.117502458210422600e-01 2.648957895329481955e-03
1.571469082098365533e+01 3.492507672865138302e-01 4.860507914624960860e-03 4.116266474092795252e-02 2.288172922679083086e-03
1.604904814642462796e+01 3.694720436391973339e-01 5.141784142581978280e-03 -2.790765634132087725e-02 2.762863051686636259e-03
1.645027450225398269e+01 3.748937074829931659e-01 5.447686151102682645e-03 -1.110756802721088454e-01 3.742792073757206933e-03
1.685150085808333742e+01 3.587139423076922684e-01 5.925997014923082423e-03 -2.127403846153846367e-01 5.407787005240169247e-03
1.718585209677477366e+01 3.457382953181272756e-01 7.181610099789599924e-03 -3.194777911164465856e-01 7.862180740512559121e-03
1.758707845260412839e+01 3.024990313831847910e-01 9.138845958887260867e-03 -3.619721038357225917e-01 9.946029422072014820e-03
1.805517992557139806e+01 2.068521380731581649e-01 1.234718432925841804e-02 -3.817619783616692519e-01 1.237426247000033772e-02
