0.000000000000000000e+00 5.149117468046257029e-01 1.509909803902145971e-02 -6.832014607425439257e-02 6.746233882909900489e-03
4.273294297160976640e-01 4.892373923739237740e-01 1.497796747667969747e-02 -7.333948339483396806e-02 6.893029244138812635e-03
7.834394487270603946e-01 4.841220423412204710e-01 1.519599102300322156e-02 -5.012453300124533606e-02 6.784549590399513094e-03
1.139542984995377317e+00 5.158615717375631959e-01 1.778279090506160523e-02 -2.829848594087960162e-02 7.500821582516392291e-03
1.638098308159254168e+00 5.120157819225250595e-01 1.770134254485179401e-02 -7.173601147776195730e-03 7.271896007868214676e-03
2.065427737875350722e+00 5.073582196697775659e-01 1.774492144026725698e-02 1.184493898061735051e-02 7.243798673360586984e-03
2.492757167591446610e+00 4.927296761401190883e-01 1.640096660360738576e-02 3.502974223397226083e-02 6.682725165633201202e-03
2.920080114564898022e+00 5.052986512524084706e-01 1.606911790703368509e-02 6.374438021836865975e-02 6.194208944051600441e-03
3.204970722870726707e+00 5.090455396132252952e-01 1.576568265003334968e-02 7.735495945102931203e-02 6.135047361390704064e-03
3.561074259139044074e+00 4.979314420803783170e-01 1.480944355401674940e-02 5.629432624113476363e-02 5.681895963156259784e-03
4.059629582302920703e+00 4.834983498349835207e-01 1.373825060711155420e-02 3.767876787678770684e-02 5.421419139122655474e-03
4.486959012019016591e+00 5.186378923766816751e-01 1.425445465701511392e-02 1.709641255605382631e-02 5.544340870763748465e-03
4.914288441735114255e+00 5.026455026455026731e-01 1.336647354884821191e-02 9.259259259259269154e-03 5.300244236225835730e-03
5.270391978003431177e+00 5.193066516347237815e-01 1.429156123613226081e-02 -1.042841037204059358e-02 5.802062000841952567e-03
5.697721407719527953e+00 5.005595970900952318e-01 1.397173478120315553e-02 -3.455512031337436979e-02 6.020775247771733597e-03
6.196276730883404582e+00 5.101250744490768430e-01 1.479852450647407315e-02 -4.943418701608101595e-02 6.403743478758824187e-03
6.481160856446586571e+00 5.041841004184101083e-01 1.470936917407544495e-02 -8.039450089659293253e-02 6.787262178163119310e-03
6.908490286162683347e+00 4.990729295426453160e-01 1.511376202367497625e-02 -6.489493201483313711e-02 6.704854530352355457e-03
7.335819715878781011e+00 4.864735837046467171e-01 1.551506387438515711e-02 -4.694462126034373850e-02 6.830541839943487896e-03
7.691929734889743742e+00 5.117079889807163440e-01 1.698289066151490584e-02 -2.565426997245180002e-02 7.087078757503404748e-03
8.119252681863194709e+00 5.114644970414201630e-01 1.817673112589463999e-02 -1.793639053254438356e-02 7.579013833186496255e-03
8.546582111579290597e+00 5.324963072378139373e-01 1.837207398732566832e-02 -9.970457902511062689e-03 7.431892890689086560e-03
8.902692130590253328e+00 5.041890080428954590e-01 1.662855234987392627e-02 2.128016085790885095e-02 6.664205613660442208e-03
9.401240971011484149e+00 5.155228758169935199e-01 1.636183057892614742e-02 3.937908496732025337e-02 6.307192585907391708e-03
9.757350990022446879e+00 5.087246192893402075e-01 1.588982447791245645e-02 6.123096446700504458e-02 6.033219285617520342e-03
1.025589983044367948e+01 5.195012787723785053e-01 1.623958841848376425e-02 8.663682864450129861e-02 6.276554654194071471e-03
1.061200984945464221e+01 5.051531213191990943e-01 1.482862832638244532e-02 4.048881036513544279e-02 5.771303742883811087e-03
1.089689397501782331e+01 5.234790313053750976e-01 1.504096476623093329e-02 3.115770821027760706e-02 5.825447671514032838e-03
1.125300399402878604e+01 5.307825086306099394e-01 1.473841417223038797e-02 1.754890678941313509e-02 5.725917821283680459e-03
1.175155283445001686e+01 5.071202531645568889e-01 1.332764918222603678e-02 5.142405063291127613e-03 5.215925765798437412e-03
1.225010815761389438e+01 5.063667232597622858e-01 1.416181158369167817e-02 -2.051499717034522760e-02 5.850441620338122511e-03
1.260621169388221219e+01 5.047386559448593379e-01 1.427865308407557515e-02 -3.173463526708785593e-02 5.957148311218298312e-03
1.296232171289317314e+01 5.044169611307420809e-01 1.456297533898942738e-02 -4.726148409893991126e-02 6.244242024036216268e-03
1.338965114260927081e+01 5.213661883967561916e-01 1.557914638657485230e-02 -6.456643792888336342e-02 6.979728137318324394e-03
1.374575467887758684e+01 5.085318737926594057e-01 1.591640206745257441e-02 -4.185447520927236542e-02 6.849695320991230386e-03
1.410186469788854779e+01 5.236073369565217295e-01 1.690208455671377702e-02 -3.532608695652172254e-02 7.146062867144860158e-03
1.452919412760464546e+01 5.262879322512350466e-01 1.755594978853236912e-02 -2.381792519407198092e-02 7.297558882419080510e-03
1.502774296802587806e+01 4.875168690958164852e-01 1.660873212909128385e-02 2.446018893387315665e-02 6.783782475448179444e-03
1.545507239774197394e+01 5.049767750497677898e-01 1.656899660535268021e-02 4.097544790975448520e-02 6.622173802180000672e-03
1.588240182745806983e+01 5.048923679060665082e-01 1.633281452267450196e-02 5.821917808219177065e-02 6.431054337334351709e-03
1.630973125717417105e+01 5.068777991042866526e-01 1.607559846313980773e-02 6.813819577735122368e-02 6.262782548527405513e-03
1.666584127618513378e+01 4.932780320366133564e-01 1.439704139255351331e-02 5.549199084668193782e-02 5.663549774024694526e-03
1.702194481245344804e+01 4.931944444444444908e-01 1.399014057650887696e-02 4.555555555555554359e-02 5.497559940093836930e-03
1.752050013561732555e+01 5.004100601421541672e-01 1.377555593764188437e-02 2.474029524330234250e-02 5.382944196993975569e-03
1.787660367188563981e+01 5.059685295713509667e-01 1.368842943215024290e-02 1.085187194791100568e-02 5.368785770160438946e-03
1.837515899504951733e+01 4.935828877005347115e-01 1.337515371374292314e-02 -1.631016042780747063e-02 5.602161597051687203e-03
1.873126253131783159e+01 4.948228882833787257e-01 1.360611016368636940e-02 -2.643051771117167076e-02 5.813002158969488888e-03
1.908737255032879432e+01 5.083138856476079326e-01 1.445749871738427964e-02 -6.446907817969661780e-02 6.429297244238426842e-03
