0.000000000000000000e+00 3.284374447000530939e-01 4.575420878024482295e-03 -7.963192355335338424e-03 2.687275551192183729e-03
3.991526401039378058e-01 3.192350128723795422e-01 4.561295304142042213e-03 -7.751011401250457178e-02 3.250678385400904234e-03
7.983052802078738353e-01 3.029346955128204844e-01 4.719187329558855587e-03 -1.580528846153846090e-01 4.240950023036422004e-03
1.197457920311810087e+00 2.734357224118316165e-01 5.181529253308633440e-03 -2.179749715585893310e-01 5.334905255275818742e-03
1.596610560415747893e+00 2.238869863013698280e-01 6.435577209729873710e-03 -2.988727168949771862e-01 7.366010509036003545e-03
1.995763200519684144e+00 1.461841633823002806e-01 8.434340768527370455e-03 -3.304371193120745898e-01 9.096875788234278989e-03
2.328392419036469096e+00 2.004950495049506731e-02 1.266978124383427544e-02 -3.535891089108911256e-01 1.176251605327031415e-02
2.661015582262741042e+00 -7.917436845348135854e-02 1.719675166435552863e-02 -2.127233518176216698e-01 1.149614818447989260e-02
3.060168222366677071e+00 -1.489398084815322099e-01 2.029769341423300760e-02 3.881668946648424851e-02 1.017297515027713872e-02
3.459320862470613545e+00 -5.303030303030309422e-02 1.672854322619606038e-02 2.429959977129788062e-01 9.528105879378547666e-03
3.858473502574550906e+00 5.398126463700225752e-02 1.335025130847273395e-02 3.548009367681498882e-01 9.309087353243145416e-03
4.257626142678486936e+00 1.606668878566688830e-01 9.345671188193214324e-03 3.360152621101525905e-01 6.973304334346740012e-03
4.656778782782424742e+00 2.375368533905119206e-01 7.420239968039236793e-03 2.784776199410346487e-01 5.229663499265410111e-03
4.989408001299210582e+00 2.793364506791360391e-01 6.174218753929154764e-03 2.145958583834335631e-01 3.959034545258817428e-03
5.455084062990297689e+00 3.142574257425742590e-01 5.390274091821388620e-03 1.361881188118811981e-01 2.984131995867930764e-03
5.854236703094234606e+00 3.246827634825519837e-01 4.727922774255575306e-03 5.983433204088824120e-02 2.546010517428701474e-03
6.253389343198171524e+00 3.325916696333214295e-01 4.621378942724655922e-03 -8.677465290138838827e-03 2.720598593348115719e-03
6.652541983302107553e+00 3.199946466809421297e-01 4.427578920021797183e-03 -7.655246252676657648e-02 3.159660276193744424e-03
7.051694623406043583e+00 3.105300859598854046e-01 4.853935580511392622e-03 -1.521182971756037672e-01 4.237567761164504065e-03
7.450847263509981389e+00 2.673833485818847278e-01 5.203297372342641051e-03 -2.316445562671546332e-01 5.552130956878869282e-03
7.716947005149101813e+00 2.208003393665158298e-01 6.401201825233022134e-03 -2.902290723981900689e-01 7.204451454852617981e-03
8.182629122130704147e+00 1.443243243243244045e-01 8.450637865663277598e-03 -3.546846846846847257e-01 9.529800424558977981e-03
8.581781762234641064e+00 4.152623976889746604e-02 1.212730991878379315e-02 -3.388300433317285032e-01 1.122777610646238933e-02
9.047457823925727283e+00 -1.129081947011707499e-01 1.737400666319357384e-02 -2.627849661121379743e-01 1.209474301052777812e-02
9.446610464029665977e+00 -1.300396563119631255e-01 1.922507963360442149e-02 -2.164573694646394764e-02 9.841303684020665660e-03
9.845763104133601118e+00 -9.283143371325741633e-02 1.780343622891516694e-02 2.320035992801439406e-01 9.731468375790764888e-03
1.024491574423753981e+01 6.071945919845478379e-02 1.367232022561114778e-02 3.534524384355384186e-01 9.517822317209639199e-03
1.051101548587665846e+01 1.511627906976745206e-01 1.051170506065568847e-02 3.647786946736685243e-01 8.011433847469535616e-03
1.097669154756774823e+01 2.339941262848752035e-01 8.199553369635218317e-03 3.163729809104258162e-01 6.127943803937880955e-03
1.124279734449737944e+01 2.814090698750577602e-01 6.346530814920289636e-03 2.121124479407681951e-01 3.998438123212993620e-03
1.170847340618846921e+01 3.119880119880120151e-01 5.493531039624814996e-03 1.538961038961038641e-01 3.146304276545283576e-03
1.210762604629240435e+01 3.268637765282060847e-01 4.890190172157901638e-03 8.189733357518591550e-02 2.588228707999227097e-03
1.250677868639634305e+01 3.275077293026451564e-01 4.496188532884445692e-03 1.558742700103056718e-02 2.513998196101965323e-03
1.283940790491312711e+01 3.273809523809523281e-01 4.734948785286906790e-03 -5.919572553430819950e-02 3.186087149346938669e-03
1.330508396660421511e+01 3.105104813664596453e-01 4.645180327848853589e-03 -1.348505434782608925e-01 3.913401212681587131e-03
1.363770712983048838e+01 2.864490161001789215e-01 5.139787511180651455e-03 -2.119297853309481394e-01 5.222318055883576511e-03
1.410338924681209072e+01 2.442277070063694488e-01 6.001856707217814550e-03 -2.837712314225053212e-01 6.855652860018779556e-03
1.443601241003836044e+01 1.679470415168355379e-01 7.656786920440506426e-03 -2.878391631252043004e-01 7.919030364044359407e-03
1.483516505014229736e+01 6.053459119496851226e-02 1.132903703223655904e-02 -3.246855345911949242e-01 1.059918253690452991e-02
1.516779426865908320e+01 -6.867015098722428768e-02 1.612735339753250743e-02 -2.273519163763066397e-01 1.114783354342161262e-02
1.563347033035017297e+01 -1.551779935275080513e-01 1.940281457236694637e-02 -1.359223300970872385e-02 9.938709691545566036e-03
1.596609954886695704e+01 -2.814569536423849883e-02 1.594481490693852588e-02 1.956401766004414455e-01 8.908008650924921848e-03
1.636525218897089218e+01 4.721362229102166186e-02 1.275144503500918666e-02 3.261831048208757577e-01 8.618093081125446919e-03
1.669788140748767802e+01 1.507226428079834202e-01 9.637259014832802104e-03 3.211459050240881297e-01 6.945123017716048341e-03
1.703050457071394774e+01 2.194625407166123643e-01 7.538979894152842386e-03 2.786373507057546273e-01 5.309377840975512859e-03
1.742965721081788644e+01 2.644628099173553792e-01 6.139709262090444104e-03 2.024793388429752261e-01 3.848070676030464123e-03
1.789533932779948699e+01 3.027434312210200429e-01 5.259669835998286892e-03 1.319068778979907430e-01 2.938739283521714894e-03
1.829448591261290957e+01 3.231439046746104604e-01 4.914229952009870235e-03 6.824014665444547156e-02 2.637662065321619460e-03
