0.000000000000000000e+00 1.333069620253165555e-01 1.814280351097905322e-02 -4.100079113924050556e-01 1.653342084434984011e-02
4.663868611886128335e-01 3.128179043743650745e-02 2.483191342130977239e-02 -2.260935910478127642e-01 1.578033521271964348e-02
7.328927726487930450e-01 -7.530487804878061020e-02 3.159042892416309006e-02 7.103658536585365224e-02 1.541732480267987357e-02
1.199285698370606390e+00 5.723180076628353596e-02 2.476418783513195318e-02 3.829022988505746961e-01 1.570275716065811997e-02
1.599047597827474521e+00 2.044554455445545260e-01 1.705609889568354340e-02 4.529702970297029840e-01 1.303276663947311453e-02
1.998809497284343539e+00 2.808298562818729582e-01 1.217067515143284255e-02 3.925591098748260621e-01 9.200428858900478596e-03
2.265315408744522863e+00 3.253487518355360208e-01 9.738052610137808845e-03 3.273678414096916067e-01 6.800706842970835608e-03
2.665077308201392103e+00 3.558695652173913260e-01 7.679348206997962077e-03 2.133333333333333470e-01 4.321303969511912889e-03
3.064839207658260456e+00 3.777126465452731452e-01 6.575391609755371070e-03 1.205412821152407193e-01 3.084772728257549265e-03
3.464601107115129253e+00 3.832379862700229234e-01 5.943670274216443679e-03 4.416475972540045980e-02 2.739659917080627775e-03
3.930987968303742974e+00 3.920104855254160636e-01 5.715600665734246744e-03 -4.011853202644176386e-02 3.035288914123962425e-03
4.330749867760611771e+00 3.921765295887663094e-01 6.062887228803044530e-03 -1.260030090270812531e-01 4.187949399528758873e-03
4.730511767217479679e+00 3.802929234338747189e-01 6.702589900740731250e-03 -2.192575406032482022e-01 5.917619087853553256e-03
5.196904692939293469e+00 3.485831341754864199e-01 7.614866216792547972e-03 -2.978832365995219833e-01 7.882349554311805090e-03
5.463410604399473236e+00 3.227722772277227814e-01 1.098223588960404659e-02 -4.094059405940593810e-01 1.225451241061596697e-02
5.863172503856342033e+00 2.260416666666666963e-01 1.548765348727987497e-02 -4.630208333333333814e-01 1.640372945989367406e-02
6.329559365044955754e+00 7.309644670050774451e-02 2.396590602639059667e-02 -4.185279187817258495e-01 1.999866352610958631e-02
6.662696302770079626e+00 -5.056818181818178992e-02 2.890058444234525417e-02 -1.352272727272728070e-01 1.603660526700889308e-02
7.129083163958692460e+00 9.267840593143450434e-04 2.410642527683942021e-02 2.571825764596848973e-01 1.302842707579760471e-02
7.462220101683818108e+00 1.220666161998485988e-01 1.959171371266253681e-02 4.366010598031794809e-01 1.399552999397190092e-02
8.061862950869119970e+00 2.311006114508060150e-01 1.446668475645244110e-02 4.471928849360755076e-01 1.140984129401140940e-02
8.394993824061044663e+00 2.890338361190378791e-01 1.069283148097521091e-02 3.509987770077456215e-01 7.704850631056098936e-03
8.861386749782857564e+00 3.531948881789138128e-01 8.496282067971433136e-03 2.459265175718849672e-01 5.119198319874489894e-03
9.194517622974782256e+00 3.748999199359487333e-01 7.101611453067953675e-03 1.633973845743261211e-01 3.606365372551870695e-03
9.660904484163395978e+00 3.884130383059719582e-01 6.282350912532447089e-03 8.589103021651200986e-02 2.849587838929790434e-03
1.006067244815346484e+01 3.906105457909343492e-01 5.902376762766919048e-03 -1.329787234042551641e-03 2.863610374754182487e-03
1.046042828307713357e+01 3.842592592592593004e-01 5.876960502727300410e-03 -8.411495911495910083e-02 3.607857982838515772e-03
1.092682120879894647e+01 3.820291777188328797e-01 6.287325615601668458e-03 -1.613395225464191174e-01 4.835466391741894202e-03
1.125995208199087116e+01 3.666358310206598858e-01 7.004885611720271417e-03 -2.525439407955596405e-01 6.681601286815407048e-03
1.165971398144774085e+01 3.383744855967078524e-01 9.041597311076314189e-03 -3.629629629629629317e-01 9.999096754524263234e-03
1.199285091917286294e+01 2.762853841709994041e-01 1.260405469821500313e-02 -4.599942229924898207e-01 1.445574668701982840e-02
1.239261281862973263e+01 1.672374429223744130e-01 1.722131467469358371e-02 -4.461567732115677698e-01 1.696927880311891942e-02
1.285899967981834635e+01 9.708737864077665591e-03 2.646976145838921338e-02 -2.939590075512405476e-01 1.814066948482126462e-02
1.325876157927521426e+01 -6.783919597989940264e-02 3.240197479970531591e-02 9.516331658291452000e-02 1.584527082232498052e-02
1.359189851700033813e+01 3.263103802672162601e-02 2.662938782285417805e-02 4.242034943473792508e-01 1.729789252083014511e-02
1.399166041645720604e+01 1.696491228070174939e-01 1.814174449753655494e-02 4.575438596491227528e-01 1.368769360064917354e-02
1.439142231591407572e+01 2.580120761727822676e-01 1.191443015899378705e-02 3.454482117974918554e-01 8.241720709920463683e-03
1.485780917710269122e+01 3.306805708013172418e-01 9.629036218683474646e-03 3.088181485547017990e-01 6.446381295276742453e-03
1.525757107655955913e+01 3.668687167356593504e-01 8.010117403531118868e-03 2.517740981667652145e-01 4.905114476686318371e-03
1.559070801428468300e+01 3.773584905660377631e-01 6.912176626441949440e-03 1.715961244263130847e-01 3.646604306799219181e-03
1.599046991374155446e+01 4.028062532034853982e-01 6.921240218022663669e-03 9.194003075345975884e-02 3.317261809088887202e-03
1.639023181319842237e+01 4.007670182166826467e-01 6.338094718570334157e-03 1.875599232981783882e-02 3.146105840235342843e-03
1.685661867438703609e+01 3.835350536652203934e-01 5.812141537997141463e-03 -5.086777803151405070e-02 3.407931181903087105e-03
1.732300553557564626e+01 3.645858634928346165e-01 5.868540656067712524e-03 -1.257590478503764764e-01 4.278245990343468655e-03
1.772276743503251595e+01 3.307552954292084513e-01 6.333447830032839197e-03 -1.838071348940914229e-01 5.325384713931281128e-03
1.805590437275763804e+01 2.975213394615889850e-01 7.210012735813207257e-03 -2.617367038739330520e-01 7.112965538251007740e-03
1.845566627221450773e+01 2.429747089522280579e-01 8.660178369731612660e-03 -3.571858691288639642e-01 9.763405056272060970e-03
1.885542817167137741e+01 1.676121015667206837e-01 1.198102827459875119e-02 -4.150459211237168544e-01 1.296789478812308306e-02
