0.000000000000000000e+00 2.604590354445089906e-01 1.519732892910533040e-02 2.860255665310865170e-01 8.994361051211562097e-03
3.350127629193622170e-01 3.095893840761141935e-01 1.344324328145034622e-02 3.461442163244867198e-01 8.930860750464762049e-03
6.700194271573929328e-01 3.522346368715084663e-01 1.016775743437927336e-02 2.591247672253258472e-01 6.023839359591824649e-03
1.072032303188094726e+00 3.758791560102301976e-01 8.858887844818667465e-03 2.180306905370843762e-01 4.895684385974931677e-03
1.474045179218796742e+00 3.989436619718310095e-01 7.846051276420785286e-03 1.436619718309859184e-01 3.787974222625042908e-03
1.876058055249498979e+00 4.012046696472926222e-01 6.839552201466220054e-03 7.886239443616495370e-02 3.040580470583197168e-03
2.211070818168861418e+00 3.966087169441723792e-01 6.548094738516524807e-03 -2.387365328109691126e-03 3.172170617259300728e-03
2.814090132214914330e+00 3.916118019995123434e-01 6.330783068209023048e-03 -6.406973908802730822e-02 3.553205556515137611e-03
3.149096796452944602e+00 3.812815740494549521e-01 6.691927355705650123e-03 -1.225737835681999371e-01 4.436258688998708129e-03
3.417109446260967243e+00 3.800122436486073063e-01 7.506868802229760794e-03 -2.049280685644321587e-01 6.035699207524091933e-03
3.819122322291669480e+00 3.455215419501133645e-01 8.965009767864249093e-03 -2.701247165532879024e-01 8.002119116927062029e-03
4.154128986529699752e+00 3.183678382282137953e-01 1.133571612184900573e-02 -3.344968704862782416e-01 1.064355085410416922e-02
4.556141862560401989e+00 2.713950762016412721e-01 1.381654704454701038e-02 -3.335287221570925609e-01 1.208186137812357168e-02
5.025154851702443359e+00 1.887982195845697708e-01 1.776236358459042791e-02 -2.906157270029674500e-01 1.322965117117676399e-02
5.360167614621805576e+00 1.708163265306122947e-01 2.047427359561242513e-02 -1.959183673469389389e-02 1.051272659506382982e-02
5.829180603763847834e+00 1.734114977307110728e-01 1.948363808211416373e-02 1.932677760968229685e-01 1.012577699090601649e-02
6.164193366683210051e+00 2.390572390572390793e-01 1.791632220621263566e-02 3.745791245791245117e-01 1.195138489564191893e-02
6.633206355825252309e+00 3.130882352941176672e-01 1.583480041660348392e-02 4.038235294117646923e-01 1.118381883731465846e-02
7.035219231855953659e+00 3.529411764705882026e-01 1.074876178288505096e-02 2.912745098039215552e-01 6.711574721430703036e-03
7.303231881663976743e+00 3.806066473055825239e-01 8.875593362336810926e-03 2.053081639238464318e-01 4.712217256371608286e-03
7.772244870806018113e+00 3.765581277028745566e-01 6.994057159020106683e-03 1.405494785041974115e-01 3.321360008113211689e-03
8.174257746836721239e+00 3.933805569125549684e-01 6.665495720370437360e-03 9.013190034196384703e-02 2.885046137662203736e-03
8.509270509756083456e+00 3.972235462345090062e-01 6.393789405471419877e-03 7.090085795996190279e-03 3.010660744897049931e-03
8.978283498898123938e+00 4.034781484354796888e-01 6.750368168817792724e-03 -6.762348073441942775e-02 3.759659986384390230e-03
9.380296374928825287e+00 3.995940460081190970e-01 6.870640471592918269e-03 -1.579161028416779244e-01 4.974342190872952513e-03
9.782309250959528413e+00 4.071158690176322481e-01 7.876027173970203549e-03 -2.148142317380352939e-01 6.316343861220686216e-03
1.011731591519755824e+01 3.573435743724240887e-01 8.924093429543497255e-03 -2.812851255151742613e-01 8.152239537268474862e-03
1.051932879122826137e+01 3.226984900146127599e-01 1.148133177061695480e-02 -3.096687773989284520e-01 1.020058960416225270e-02
1.092134166725896272e+01 2.132122730118973797e-01 1.501151992352659642e-02 -3.015028177833437573e-01 1.214375965243692443e-02
1.132335454328966584e+01 1.771062271062271432e-01 1.806983030931804193e-02 -1.739926739926739296e-01 1.134522203491469122e-02
1.179237363111303871e+01 1.452221290863368042e-01 2.164778338655465664e-02 8.403185247275771208e-02 1.109614391854644652e-02
1.219438650714374006e+01 2.177114803625378459e-01 1.981736721100978149e-02 2.922960725075528510e-01 1.173568931041030217e-02
1.246239305827043253e+01 2.501413227812323559e-01 1.502614135194998805e-02 3.273035613340870564e-01 9.615289009753624078e-03
1.293140604741247301e+01 3.084007187780773429e-01 1.209943220995558961e-02 3.063791554357592206e-01 7.706243562197549572e-03
1.333341892344317436e+01 3.336319218241042273e-01 8.829239411836839815e-03 2.302117263843648232e-01 5.017393143564401019e-03
1.373543179947387927e+01 3.640655373507358794e-01 7.614847840549237960e-03 1.780755345737295159e-01 3.897129864325874372e-03
1.407044456239324148e+01 3.841042678251980202e-01 7.040024845580280903e-03 1.185152057245080354e-01 3.287914702914675538e-03
1.453945755153528197e+01 3.923772294160762231e-01 6.674085928423813263e-03 6.071341314439285264e-02 3.034015107010913301e-03
1.487447031445464418e+01 4.056592039800995253e-01 6.683069720291290837e-03 -2.935323383084577353e-02 3.476706848034232661e-03
1.527648319048534553e+01 4.024813576754950328e-01 6.729801476404995847e-03 -9.514013885317562647e-02 4.148292775068523723e-03
1.574549617962738601e+01 3.829332229580574842e-01 6.897643882587491983e-03 -1.608719646799117164e-01 5.075694217736011898e-03
1.614750905565808736e+01 3.641304347826087029e-01 7.496996265798374325e-03 -2.198757763975155433e-01 6.299714891084082051e-03
1.648252181857744958e+01 3.102386451116244115e-01 9.049430325977778425e-03 -2.616435719784449554e-01 7.973357427742315887e-03
1.695153480771949361e+01 2.611975483262611863e-01 1.103775351000385596e-02 -2.965582272512965467e-01 9.772153209976644148e-03
1.735354768375019674e+01 2.156862745098039325e-01 1.511984628610815382e-02 -3.009171410499683619e-01 1.216102386782768989e-02
1.768855434798822301e+01 1.712926249008723811e-01 1.933776178644619481e-02 -2.424662965900079292e-01 1.315995246871060585e-02
1.809056722401892969e+01 1.877401998462722155e-01 1.936690229762272342e-02 1.671790930053808008e-02 9.805460862806198233e-03
1.855958631184230256e+01 2.148579752367080209e-01 1.869978501304877389e-02 1.833576110706481854e-01 9.736871008911371014e-03
