0.000000000000000000e+00 6.045969353764156784e-01 1.751191861189141732e-02 2.165223184543621244e-03 6.200954872688170701e-03
3.674988420725688876e-01 5.800599201065246291e-01 1.704822819489800259e-02 -4.294274300932091060e-02 6.530314482834104900e-03
8.084947765322563207e-01 5.704686423156444253e-01 1.739606484598802891e-02 -6.288766368022052911e-02 6.957850236811434844e-03
1.322987803379063854e+00 6.004723837209302584e-01 1.858733050717292778e-02 -7.449127906976746316e-02 7.398361330483377643e-03
1.690486645451632741e+00 5.952466047176554476e-01 1.836959152580204882e-02 -4.253037884203000191e-02 7.016047134266054086e-03
2.204979672298440718e+00 6.184316895715440410e-01 2.082885321823657945e-02 -4.102667744543253558e-02 7.918973074458419623e-03
2.572478514371009606e+00 6.288330494037479568e-01 2.201278259479237664e-02 -2.065587734241908571e-02 8.133954015935647430e-03
3.013474448830697483e+00 6.456483126110124093e-01 2.293010778920541101e-02 -3.685612788632326026e-02 8.308811493477211499e-03
3.527967475677505682e+00 6.096595407759303198e-01 2.040621904819342122e-02 -4.156769596199541388e-03 7.404567647848824853e-03
3.895466317750074126e+00 5.994996150885296693e-01 1.980402731957243631e-02 3.406466512702077676e-02 6.834530444808187798e-03
4.409959344596881436e+00 5.947193500738552352e-01 1.921067392949953739e-02 8.142540620384049188e-02 6.702222005092043841e-03
4.777458186669450768e+00 6.512396694214875881e-01 2.196586101823947909e-02 8.760330578512395827e-02 7.376279617761318137e-03
5.218447431060652342e+00 5.981494920174165175e-01 1.890921877846505478e-02 5.297532656023223180e-02 6.603562208091618042e-03
5.585946273133221673e+00 6.179278642149929057e-01 1.863631197260753533e-02 1.997878359264501288e-02 6.394395873295506856e-03
6.026942207592909995e+00 5.818885448916408798e-01 1.610299737862110059e-02 -2.321981424148606733e-03 5.696382666354178267e-03
6.467938142052598316e+00 6.035483870967741638e-01 1.688233769868183534e-02 1.612903225806428843e-03 5.610642194136068218e-03
6.908934076512285749e+00 5.803858520900320173e-01 1.660451196274722110e-02 -1.012861736334402275e-02 5.973598988417396644e-03
7.202929136129250232e+00 6.074716713881019858e-01 1.834446909035821610e-02 -3.576487252124645883e-02 6.725477594941365808e-03
7.790925945431663280e+00 6.166915608663181558e-01 1.931643522904197621e-02 -7.991038088125466954e-02 7.814523604017784009e-03
8.158424787504232611e+00 6.819672131147540561e-01 2.198680496090303291e-02 -6.475409836065572355e-02 8.277900212852920547e-03
8.599420721963920045e+00 6.188212927756654436e-01 1.968947924200068270e-02 -6.216730038022816318e-02 7.690378035525945351e-03
9.040416656423609254e+00 6.427392739273927180e-01 2.162115912939189394e-02 -1.072607260726073271e-02 7.757067467710132211e-03
9.481412590883296687e+00 6.086773378264531686e-01 2.166296818264452570e-02 3.390901432181971098e-02 7.769488153040990212e-03
9.995905617730103998e+00 6.081847649918963317e-01 2.083371574195493417e-02 3.768233387358186498e-02 7.157120770516576212e-03
1.028990067734706670e+01 6.089169381107490953e-01 2.101947766614754159e-02 3.623778501628662635e-02 7.454591564267427917e-03
1.080439370419387579e+01 6.003676470588235059e-01 1.911340710651737024e-02 5.367647058823529771e-02 6.563025491933982374e-03
1.109839545387932525e+01 5.798333333333333117e-01 1.719008165796216681e-02 3.399999999999998856e-02 5.808862960071350251e-03
1.153939138833901268e+01 6.230440967283071840e-01 1.876085896022927288e-02 2.347083926031293816e-02 6.277433482063112316e-03
1.190688354034309704e+01 5.853985264567983515e-01 1.728954287404910542e-02 1.841929002009379604e-02 5.887186479267597812e-03
1.242138325725838932e+01 6.000664893617020379e-01 1.731754332857968551e-02 -1.512632978723406872e-02 6.142412467208162655e-03
1.278887540926247190e+01 6.329978432782170650e-01 1.890267636241190277e-02 -6.092739036664268637e-02 7.149914791999657099e-03
1.322987134372216111e+01 6.314055636896046542e-01 1.911392445603346882e-02 -5.746705710102490566e-02 7.036436424733451614e-03
1.367086727818185032e+01 6.405082212257100505e-01 1.964075287205348588e-02 -6.427503736920778254e-02 7.430372588053948610e-03
1.411186321264153776e+01 6.357368006304175978e-01 2.049907538201988649e-02 -6.579984239558707426e-02 7.860269734189438001e-03
1.455285914710122519e+01 6.414728682170540708e-01 2.229050460949861742e-02 -3.402239448751075840e-02 8.092865976143994930e-03
1.499385508156091440e+01 6.877289377289377281e-01 2.432214317755544697e-02 -1.442307692307693255e-02 8.472659086525707178e-03
1.528785014117787711e+01 6.470844212358572989e-01 2.253163137901791763e-02 -3.241949521322890632e-02 8.016068638378287189e-03
1.580234985809316939e+01 6.376068376068375620e-01 2.218878485117360341e-02 1.410256410256412012e-02 7.622915511782084666e-03
1.624334579255285860e+01 6.407137064071369847e-01 2.136723670296464261e-02 6.021897810218976993e-02 7.118319368384139721e-03
1.661083794455694118e+01 6.245203376822716645e-01 2.007649403342886413e-02 5.698388334612432271e-02 6.533830026085409894e-03
1.712533766147223702e+01 6.663162321278385258e-01 2.237002616000974276e-02 4.983179142136252848e-02 7.272226751164157475e-03
1.756633359593192267e+01 6.337078651685392749e-01 1.988537414078165450e-02 6.086142322097379265e-02 6.618518664691939828e-03
1.800732953039161188e+01 6.198559670781892406e-01 1.828052024871222939e-02 5.246913580246911207e-02 6.175749538458593160e-03
1.852182255723842275e+01 6.506479481641469498e-01 1.950114654880923809e-02 4.193664506839456241e-02 6.593678483987452064e-03
1.888931470924250178e+01 6.412337662337661559e-01 1.936942575438400579e-02 5.627705627705626573e-02 6.400736645338737062e-03
1.940381442615779761e+01 6.091973244147156352e-01 1.771646078434128274e-02 2.792642140468229103e-02 6.152516509459925870e-03
1.977130657816188020e+01 5.886939571150097139e-01 1.696866785048587942e-02 -1.137102014295001459e-03 6.202758787838216596e-03
2.013880542023444775e+01 5.779622395833332593e-01 1.680092432151259266e-02 -2.115885416666650476e-03 6.066205464379310908e-03
