0.000000000000000000e+00 5.443448702101358894e-01 1.551432391204293770e-02 -6.056860321384423956e-02 6.351863998127427191e-03
3.871931803854242737e-01 5.507975034674064130e-01 1.731060283915506620e-02 -8.564493758668516310e-02 7.575379132510097653e-03
7.098561219936683209e-01 5.132827324478178577e-01 1.554281172196004569e-02 -7.068311195445919903e-02 6.792837238706186248e-03
1.161579541156274153e+00 5.569484240687678778e-01 1.793196717743440749e-02 -6.482808022922634250e-02 7.474163470706194322e-03
1.548772721541699315e+00 6.080631753948462226e-01 2.117027167916528396e-02 -7.148794679966746779e-02 8.609531349842282008e-03
1.806899550511593677e+00 5.666131621187801004e-01 1.998223855156904330e-02 -3.170144462279297914e-02 7.671864037197231867e-03
2.194092730897018395e+00 5.642688679245283501e-01 1.969047700455383437e-02 -3.734276729559749680e-02 7.884647195028052571e-03
2.581285911282442669e+00 5.746500777604975907e-01 1.980381277076229823e-02 3.440902021772938163e-02 7.326532816812767780e-03
2.968479091667867831e+00 5.835949764521193295e-01 2.024471689679342018e-02 1.051805337519623185e-01 7.416718177571369162e-03
3.420202510830474552e+00 6.152647975077881748e-01 2.059260856892434696e-02 1.096183800623053012e-01 7.522888272119987278e-03
3.807395691215899269e+00 5.621854780733284151e-01 1.864406034741602353e-02 1.229331416247304298e-01 7.207796150420606347e-03
4.130058632824142428e+00 5.554672600127146254e-01 1.662221240373503578e-02 1.061665607120152871e-01 6.296749848088146508e-03
4.517251813209567146e+00 5.540540540540539460e-01 1.516679473225545499e-02 9.315698677400802152e-02 5.596455856557407647e-03
4.839908880956643067e+00 5.363460475400774197e-01 1.425331358263338087e-02 4.754007739082367207e-02 5.076615040267762682e-03
5.227107935203235023e+00 5.115030674846625658e-01 1.306756185969662476e-02 3.655419222903884269e-02 4.838009000590812007e-03
5.678831354365841300e+00 5.099795291709314782e-01 1.309530292524517699e-02 1.970317297850565294e-02 5.093881904146858701e-03
6.066024534751266017e+00 5.158688865764828879e-01 1.314556054883498672e-02 -4.357440166493238565e-02 5.514520422602363012e-03
6.453217715136690735e+00 5.623464373464373001e-01 1.577384530641634183e-02 -6.679975429975430756e-02 6.737939322934274888e-03
6.904941134299297900e+00 5.372689326177697566e-01 1.497099577646556975e-02 -1.074836016696482099e-01 7.096353503879292146e-03
7.356664553461903289e+00 5.026056745801968928e-01 1.425878449503809910e-02 -9.423856398378695209e-02 6.788901492209714790e-03
7.679327495070147336e+00 5.311609686609686243e-01 1.747085508897065070e-02 -1.258903133903133686e-01 8.498679628243690012e-03
8.195587026871102410e+00 5.245633187772926753e-01 1.796273098249859604e-02 -3.184133915574965251e-02 7.391511725098254791e-03
8.518244094618177442e+00 5.257085020242915352e-01 1.977398137498608335e-02 -5.526315789473685430e-02 8.437550428009699122e-03
8.840907036226420601e+00 5.117037605525709409e-01 1.886614346916938578e-02 -2.340752110514199985e-02 7.999692737574439980e-03
9.228100216611846207e+00 5.372427983539094232e-01 2.059152077399206693e-02 7.633744855967078413e-02 8.014884726614846314e-03
9.550757284358923016e+00 5.407777013076393580e-01 1.751752785705334645e-02 6.710254645560909115e-02 6.616243643376035558e-03
1.000248657738269564e+01 5.422008547008547730e-01 1.804066380496153338e-02 8.475783475783477128e-02 6.653873537404529984e-03
1.038967975776812125e+01 4.978193146417445036e-01 1.556005545937788268e-02 7.211838006230530951e-02 5.903741679178282735e-03
1.077687293815354508e+01 5.195774647887323461e-01 1.453565144984105342e-02 1.036619718309859106e-01 5.491478394274100505e-03
1.109953000590062189e+01 5.255102040816326259e-01 1.456400906799915074e-02 4.662698412698413480e-02 5.515135056673766377e-03
1.135766270873168260e+01 5.543541788427819306e-01 1.500697485702626004e-02 -3.945061367621268203e-03 5.475697398840170815e-03
1.180938612789429065e+01 5.352491506228764795e-01 1.446929445662182082e-02 -1.316534541336353975e-02 5.680001148956456171e-03
1.219657930827971448e+01 5.194771911840081469e-01 1.292992241157222416e-02 -6.355715017939517208e-02 5.587080407297780917e-03
1.251924224988795764e+01 5.116442199775532718e-01 1.391922813534167587e-02 -7.126823793490458248e-02 6.129350586501964605e-03
1.290642955641221334e+01 5.974945533769062678e-01 1.870925233565953402e-02 -7.044299201161945134e-02 7.746059636627397084e-03
1.329362861065880530e+01 5.332341269841269771e-01 1.645460265451874349e-02 -7.258597883597883715e-02 7.194761420420396451e-03
1.368081591718306456e+01 5.516028146989835346e-01 1.945884615071923410e-02 -1.051602814698983368e-01 9.120719335343809367e-03
1.393894862001412349e+01 5.593152866242037113e-01 2.004498939878499725e-02 -3.960987261146496630e-02 8.476424079742281986e-03
1.439067203917673154e+01 5.536659108087680359e-01 1.912276087288777501e-02 5.215419501133788244e-02 7.157185653192074150e-03
1.477786521956215715e+01 5.423888470233608761e-01 1.889136598842973760e-02 1.733232856066316968e-02 7.341065170611958506e-03
1.522958863872476520e+01 4.918612880396319720e-01 1.729334654542807187e-02 5.590941259731067176e-02 6.499973159483908754e-03
1.561678181911018903e+01 4.925773847125710647e-01 1.568694424437926463e-02 7.643714466203410662e-02 5.917522419713354929e-03
1.600397499949561464e+01 5.435571687840290434e-01 1.559621146148801665e-02 5.989110707803990685e-02 5.694885295721295766e-03
1.639116817988103847e+01 5.314837905236906579e-01 1.583148295249213813e-02 5.003117206982541504e-02 5.813486609567051003e-03
1.677836136026646230e+01 5.695924764890281100e-01 1.633451166752372674e-02 3.213166144200624991e-02 5.946510908979024332e-03
1.710102430187470546e+01 5.462643678160920002e-01 1.473775785779467100e-02 -2.025862068965515392e-02 5.737106678785697418e-03
1.748821748226012929e+01 5.401396160558463722e-01 1.492540188639555031e-02 -1.047120418848166909e-02 5.918291577246597747e-03
1.793994090142273734e+01 5.520327669902911349e-01 1.549810986794560204e-02 -3.155339805825244787e-02 6.125058331832113068e-03
