0.000000000000000000e+00 5.487491982039769400e-01 1.655376117633640398e-02 1.010262989095574021e-01 6.039789045125881599e-03
2.452096832671055715e-01 5.670312499999999867e-01 1.639435999582940576e-02 8.140624999999999944e-02 5.947053631792304992e-03
7.356346297235676346e-01 5.376199040767385418e-01 1.549195529771322383e-02 7.374100719424463157e-02 5.791507906394720989e-03
1.103451944585352784e+00 5.404200230149597273e-01 1.494964592179325036e-02 6.084579976985038385e-02 5.570943911534984722e-03
1.409968233610923161e+00 5.501672240802675251e-01 1.460503468001886525e-02 2.828874024526198058e-02 5.542641056233137999e-03
1.777785548472707200e+00 5.331944444444444153e-01 1.441284864938178166e-02 3.097222222222221003e-02 5.603314203067594722e-03
2.084296257576028211e+00 5.176630434782607537e-01 1.368725532915521063e-02 -3.600543478260870289e-02 5.612195572722624912e-03
2.513420178196276389e+00 5.138736263736263243e-01 1.389102715823376313e-02 -2.403846153846151898e-02 5.754210764339508406e-03
2.758629861463381960e+00 4.995743473325765516e-01 1.406587622202296224e-02 -5.079455164585696542e-02 6.130215829493640932e-03
3.187748202161380995e+00 4.856006582556225415e-01 1.341000048216175501e-02 -6.760833790455292314e-02 6.029837675079602159e-03
3.432957885428487010e+00 5.440128296507483752e-01 1.758622484169597086e-02 -1.204561653599430099e-01 8.292449523111627280e-03
3.862081806048735633e+00 5.027191298784388085e-01 1.548960796797222914e-02 -1.079654510556621871e-01 7.349829497980508823e-03
4.229899120910519450e+00 5.153203342618384308e-01 1.695649630120781015e-02 -9.209610027855152925e-02 7.701355122113306452e-03
4.597716435772304600e+00 5.403596021423104911e-01 1.895297280744704868e-02 -7.727620504973221893e-02 8.441999772013182926e-03
4.904227144875624944e+00 5.674398625429553089e-01 2.146230600799238497e-02 1.503436426116840086e-02 8.056871301082365808e-03
5.333351065495873122e+00 5.770742358078602141e-01 2.213636661255400165e-02 2.620087336244541695e-02 8.666709869239314079e-03
5.639861774599194355e+00 5.654906731549066423e-01 2.065203748446403642e-02 6.873479318734791732e-02 7.928840813403170706e-03
6.068985695219442533e+00 5.133897110641296724e-01 1.758547948758985499e-02 7.840028188865395820e-02 6.700770035348558272e-03
6.375496404322761990e+00 5.750169721656483990e-01 1.790191819839862669e-02 1.418873048200950671e-01 6.869998794693038362e-03
6.804620324943010168e+00 5.106951871657753328e-01 1.521043979176374579e-02 1.298276886512180484e-01 5.939686205092317706e-03
7.111131034046331401e+00 5.150704225352112919e-01 1.445598161661813298e-02 9.436619718309857685e-02 5.429210101473450588e-03
7.540254954666579579e+00 5.369577625570776114e-01 1.484998156387919675e-02 6.663812785388129045e-02 5.606042853360749569e-03
7.969373295364578169e+00 5.192499999999999893e-01 1.300351995615033236e-02 4.912500000000000200e-02 4.921611302459794404e-03
8.275884004467897626e+00 5.190688459633481244e-01 1.277590718541170116e-02 -1.485884101040113592e-03 5.079897505346403497e-03
8.705007925088146692e+00 5.239096163951655338e-01 1.339178231694425347e-02 -3.993694167104571563e-02 5.609984282843311423e-03
9.011518634191467925e+00 5.017232237539767103e-01 1.315316330576016095e-02 -6.018027571580063240e-02 5.718801688309789293e-03
9.379335949053251298e+00 4.971864951768488194e-01 1.311001293660919199e-02 -1.185691318327974503e-01 6.590407182162079207e-03
9.747153263915036447e+00 4.946140035906643195e-01 1.443399367283316852e-02 -1.416816277678036862e-01 7.563410046778150375e-03
1.005366955294060638e+01 5.122365737593472801e-01 1.650772919626774041e-02 -1.228755948334466080e-01 8.076506724651917254e-03
1.036018584196617631e+01 5.516178736517718395e-01 1.907006721838398061e-02 -1.171032357473035385e-01 8.973765767828658160e-03
1.072800315682796146e+01 5.455156950672644944e-01 2.193870139947273756e-02 -1.089686098654708835e-01 1.022046529054411977e-02
1.109581489176749614e+01 5.529384328358207812e-01 2.297915194760156987e-02 -4.011194029850746745e-02 9.611482987719200885e-03
1.140233118079306607e+01 5.497881355932202618e-01 2.129189944605797483e-02 6.271186440677965768e-02 8.328321779926341900e-03
1.189275612724952857e+01 5.301251956181534108e-01 1.971531822747651930e-02 1.210876369327073543e-01 7.819376567849634779e-03
1.219926683635284803e+01 5.130434782608694899e-01 1.817089177277908182e-02 1.416666666666666907e-01 7.150941604677552889e-03
1.256708415121463318e+01 5.246831220813875651e-01 1.707223043700880488e-02 1.602735156771180614e-01 6.852299767189724139e-03
1.293490146607641655e+01 5.113186191284662119e-01 1.416356132075042955e-02 3.890775325410299190e-02 4.947444293420950358e-03
1.324141775510198649e+01 5.134324465310380337e-01 1.307607114725674313e-02 1.434533124673971656e-03 4.662233785046950192e-03
1.360923506996377341e+01 5.403268318397469461e-01 1.356405507018618520e-02 2.503953610964679190e-03 4.896008501845293924e-03
1.397705238482555679e+01 5.261928184948352349e-01 1.255046188773851872e-02 -2.459419576979834585e-02 4.792201854828727174e-03
1.434486969968734016e+01 6.173539518900343914e-01 1.797287900225053719e-02 -1.036082474226804190e-01 7.716485266792457408e-03
1.471268701454912531e+01 6.456555469356088928e-01 2.047381901969029527e-02 -1.237393328161365269e-01 9.164532761776681205e-03
1.508050432941091046e+01 5.963187991422443934e-01 1.845768794781168370e-02 -9.810578984989280771e-02 8.213240078629231722e-03
1.538701503851422991e+01 6.000769822940723586e-01 1.979597869968431970e-02 -1.224018475750577178e-01 9.318495836863950957e-03
1.575483793329826554e+01 5.831185567010308546e-01 2.175684902725149444e-02 2.233676975945018614e-02 8.218657598269943007e-03
1.606134864240158322e+01 5.238467552775605274e-01 1.932105818215175755e-02 6.078967943706020671e-02 7.220640217307990570e-03
1.642916595726336837e+01 5.135385756676557056e-01 1.836142699333562570e-02 4.988872403560832419e-02 7.068628136412236952e-03
1.679698327212515352e+01 4.799570508231924548e-01 1.749368094147995059e-02 7.856120257695059506e-02 6.783673789123716505e-03
