0.000000000000000000e+00 -3.046448087431692375e-01 2.532437517911902830e-02 1.951600312256055250e-02 1.208229180912877634e-02
4.008003499477865716e-01 -2.243810178817056133e-01 2.228342850579151033e-02 3.849724896836312915e-01 1.349677105314646582e-02
8.016006998955749197e-01 -3.183791606367580851e-02 1.467666355021004024e-02 4.286058851905450995e-01 1.085856496596830471e-02
1.202401049843361713e+00 1.170119382022471455e-01 1.014730016430305352e-02 3.917661516853933046e-01 8.083381341440850146e-03
1.536403368228808075e+00 2.168152866242038235e-01 7.237686131790652296e-03 3.155414012738853025e-01 5.528489389277442892e-03
1.937203718176595535e+00 2.797799313547344457e-01 5.693617664329788872e-03 2.317787199676963616e-01 3.814517446530300490e-03
2.471600131249064969e+00 3.079202586206896686e-01 4.964152530313738557e-03 1.456537356321838950e-01 2.826525941337079337e-03
2.805602449634510887e+00 3.263993948562783354e-01 4.558684675239957178e-03 7.379391494368800486e-02 2.438227830156106026e-03
3.139604768019957248e+00 3.311146752205292310e-01 4.198322375599881050e-03 -9.061748195669620809e-03 2.514641708015020929e-03
3.540405117967744708e+00 3.264968574263976686e-01 4.132706285227328614e-03 -8.840555739331790175e-02 3.124306075462599582e-03
4.008003499477872822e+00 3.078803836750046985e-01 4.474223225114276441e-03 -1.601466992665036837e-01 4.139231135419163023e-03
4.408803849425660282e+00 2.747610773240660165e-01 4.939315428579351373e-03 -2.350130321459600602e-01 5.434822416117029466e-03
4.809604199373446853e+00 2.080291970802919388e-01 6.040621863511210811e-03 -3.351581508515815155e-01 7.671274133765673513e-03
5.277202580883575855e+00 1.035523978685612967e-01 8.354258922944050869e-03 -4.237122557726465399e-01 1.055760330851495364e-02
5.611204899269021773e+00 -1.179463459759488853e-02 1.184317579496924067e-02 -4.401017576318223545e-01 1.267606104894157711e-02
6.012005249216809233e+00 -1.579272054287477189e-01 1.771910648551913714e-02 -3.590376310919186076e-01 1.374891394647292583e-02
6.412805599164597581e+00 -3.242554858934169060e-01 2.526409489320254401e-02 -8.072100313479624312e-02 1.212840478903899101e-02
6.680003805700831521e+00 -2.876470588235294779e-01 2.527656553283260527e-02 2.545098039215686336e-01 1.261077772385555719e-02
7.147602187210959634e+00 -8.305757776307065576e-02 1.985355972196297183e-02 4.875909993381867258e-01 1.471486131980128190e-02
7.481604505596406440e+00 1.072056239015817258e-01 1.261055499284555181e-02 4.623242530755712343e-01 1.065221735056543981e-02
7.882404855544193012e+00 2.199574079707941054e-01 8.616802657552713463e-03 3.729844843322178694e-01 7.050162971121262841e-03
8.283205205491981360e+00 2.797228300510576915e-01 6.867696020812484939e-03 2.932774130804765567e-01 5.061887481480015737e-03
8.617207523877427278e+00 3.058817772558231063e-01 5.476430983162293778e-03 2.031219416715599468e-01 3.419603722977615935e-03
8.951203761976001871e+00 3.221698113207547287e-01 4.671905155093852326e-03 1.072041166380788974e-01 2.481229000618936920e-03
9.285206080361447789e+00 3.320388349514563631e-01 4.238605696715358473e-03 1.690938511326861224e-02 2.329223422287582997e-03
9.619202318460024159e+00 3.331557377049180202e-01 4.106936103575303983e-03 -5.549180327868851598e-02 2.722725661627068729e-03
1.008680678025702271e+01 3.291681384669728483e-01 4.204795797012835824e-03 -1.419992935358530828e-01 3.677177831693346360e-03
1.042080301835559908e+01 3.038107202680067065e-01 4.733761839084717898e-03 -2.345582077051926451e-01 5.243454796753766953e-03
1.088840748015259763e+01 2.511470985155195845e-01 5.953649733236499389e-03 -3.375843454790822817e-01 7.674452464932944584e-03
1.128920783010038420e+01 1.766944545125044841e-01 8.291031014823079318e-03 -4.143711489670170445e-01 1.059805650389241197e-02
1.162320406819896057e+01 1.162176439513995518e-02 1.347074027950545018e-02 -4.737189646064446924e-01 1.474108967455597594e-02
1.202400441814674892e+01 -2.181245366938472374e-01 2.216516314914301899e-02 -3.352483320978501546e-01 1.572715995333089090e-02
1.242480476809453549e+01 -3.608751062022090839e-01 2.803296354753452568e-02 1.656754460492774680e-02 1.293779889980994045e-02
1.289240922989153582e+01 -2.077603143418468301e-01 2.091040526898834198e-02 2.989521938441389026e-01 1.151002767315095938e-02
1.336000761140166304e+01 -3.409638554216853912e-02 1.464269221519568648e-02 4.325301204819277379e-01 1.084613922567747267e-02
1.369400384950023764e+01 1.259689922480620727e-01 9.751018020664373176e-03 3.964442197505897991e-01 7.908832789814289679e-03
1.416160831129723618e+01 2.234998678297647201e-01 7.475657112652704141e-03 3.283769495109701286e-01 5.800383892451900676e-03
1.449560454939581255e+01 2.797164667393675086e-01 6.153376310162758656e-03 2.473282442748091225e-01 4.228645589341454604e-03
1.503000704275515353e+01 3.143352179463796969e-01 5.120538110434596363e-03 1.625934707277038038e-01 3.022479170414516924e-03
1.536400936114059945e+01 3.307317476048893257e-01 4.534621421450544566e-03 7.647836141394118159e-02 2.454727664600332964e-03
1.583160774265072845e+01 3.365196876016921523e-01 4.298893906114173089e-03 1.708428246013674393e-03 2.501969998621917084e-03
1.623240809259851503e+01 3.232723074385617790e-01 4.090837253986292880e-03 -7.714827643080984787e-02 2.962629401465254747e-03
1.663320844254630160e+01 3.044672930331501770e-01 4.178582265535308281e-03 -1.537404715475979566e-01 3.867728756225174459e-03
1.703400879249408817e+01 2.674828802656152860e-01 4.674078707062517823e-03 -2.369786262710106284e-01 5.286484439876763634e-03
1.736801111087953586e+01 2.186928104575163734e-01 5.827260006475065181e-03 -3.179738562091503629e-01 7.258660994541599361e-03
1.770200734897811046e+01 1.320007369196757319e-01 8.575417018679393211e-03 -4.245578481945467830e-01 1.085634433572357262e-02
1.810280769892589703e+01 -2.048162859980140471e-02 1.304175162777821556e-02 -4.428997020854021360e-01 1.357636836935822641e-02
1.850360804887368360e+01 -2.126514131897712101e-01 2.028992928885039668e-02 -3.315948855989232502e-01 1.450480373279696561e-02
