0.000000000000000000e+00 2.009591584158415545e-01 1.374959042364197817e-02 -4.062500000000000000e-01 1.394237721847777986e-02
4.014010819472395575e-01 6.949541284403670804e-02 2.149637954188448816e-02 -4.027522935779816460e-01 1.804935431103125640e-02
8.028021638944777827e-01 1.762661370407148098e-02 2.437272752630973566e-02 -1.149453823237338856e-01 1.322069769650182150e-02
1.137299005917047801e+00 7.216981132075461769e-02 2.348959023823905118e-02 1.181603773584905814e-01 1.181788153671368621e-02
1.471801937339811017e+00 1.379170056956875445e-01 2.062559370045739457e-02 3.681855166802278090e-01 1.331050012709407426e-02
1.873203019287049242e+00 2.406716417910448325e-01 1.592076148835322100e-02 4.331467661691540960e-01 1.195925957829969966e-02
2.341502251758763808e+00 3.288194444444444420e-01 1.217078921376411015e-02 3.736111111111111160e-01 8.838127468089828492e-03
2.609107032657051128e+00 3.427927927927928442e-01 9.505382439408981143e-03 2.776576576576575972e-01 6.031976316350463711e-03
3.211208655577908910e+00 3.731757151196731237e-01 7.839139542396475133e-03 2.095738470519555863e-01 4.400474240329747128e-03
3.478807347076003698e+00 3.928018575851393579e-01 6.921504888229709600e-03 1.312564499484004388e-01 3.336829238367750809e-03
3.813310278498767136e+00 3.855962219598583207e-01 6.155996909790834200e-03 5.082644628099174111e-02 2.852557059846698266e-03
4.147807120521337154e+00 3.854418155480444086e-01 6.084641802486280560e-03 -2.631578947368420907e-02 3.205703522213056936e-03
4.549208202468576268e+00 3.764935381614240573e-01 5.900891551971444368e-03 -1.044867105584003919e-01 3.923504956861767305e-03
4.816812983366864032e+00 3.663875926434257413e-01 6.334914134851613900e-03 -1.888553390063134330e-01 5.295644068166834549e-03
5.151309825389433605e+00 3.446706388613042238e-01 7.436460448756521298e-03 -2.648957298907645974e-01 7.227004495129455211e-03
5.619615147261340482e+00 3.065412569474133542e-01 9.405511105869655136e-03 -3.341171440786660507e-01 9.749138723524666469e-03
5.954111989283910944e+00 2.321845794392523032e-01 1.281531766617208072e-02 -4.404205607476635032e-01 1.416865855729862109e-02
6.422411221755625732e+00 1.227758007117438765e-01 2.051706478041000897e-02 -4.521797153024911808e-01 1.902974458374515759e-02
6.823812303702863069e+00 2.490328820116061159e-02 2.341426923561303053e-02 -2.632978723404255095e-01 1.560915687346787692e-02
7.225213385650101294e+00 4.379921259842523007e-02 2.451284546548596760e-02 7.037401574803148208e-02 1.210346784179702762e-02
7.559716317072864733e+00 6.635944700460827406e-02 2.370859818826691681e-02 3.875576036866359986e-01 1.514350426350723200e-02
8.028015549544578633e+00 1.973602484472050111e-01 1.591245942925872958e-02 4.189440993788820511e-01 1.166690117774799376e-02
8.362518480967342072e+00 2.866200828157350333e-01 1.348394223071847954e-02 4.108436853002070399e-01 1.023133878478503858e-02
8.763919562914582073e+00 3.419047619047618780e-01 1.005326060573505376e-02 3.013333333333333419e-01 6.618653408382043843e-03
9.165320644861820298e+00 3.672657631113729892e-01 7.808851153619828997e-03 2.061726576311137538e-01 4.290815887136379021e-03
9.700524117258202850e+00 3.925954997383568901e-01 6.974897391858692064e-03 1.248691784406070066e-01 3.311815050765038078e-03
9.968122808756298525e+00 3.848301259206462488e-01 6.264365359262012538e-03 8.071988595866000371e-02 2.892064193684219017e-03
1.030261965077886721e+01 3.868421052631578760e-01 6.045517426821141183e-03 -1.602870813397129848e-02 3.074292286331759255e-03
1.077092497265077320e+01 3.928295571575695089e-01 6.311789193531890975e-03 -1.064624098867147373e-01 4.120648697640748315e-03
1.110542181467334366e+01 3.703466894003978882e-01 6.713261474861323755e-03 -1.645353793691389788e-01 5.194522206333300300e-03
1.143992474609610710e+01 3.542236402309327792e-01 6.957715855642072553e-03 -2.278942570647219945e-01 6.330070880082230324e-03
1.184132582804334710e+01 3.220195163343233524e-01 9.408693012443644296e-03 -3.303988120492151737e-01 9.661285822741704984e-03
1.230962506051506011e+01 2.370689655172414367e-01 1.267356640151271786e-02 -3.902298850574712485e-01 1.294974498139796724e-02
1.264412799193782355e+01 1.640106241699866851e-01 1.502775201960764029e-02 -3.502656042496679611e-01 1.335804889326686062e-02
1.311242722440953656e+01 6.286186931348225482e-02 1.975983635257835477e-02 -2.988006617038875823e-01 1.464812277167645838e-02
1.344693015583230000e+01 4.436619718309853244e-02 2.310810908955969120e-02 1.173708920187826847e-03 1.139652256643609342e-02
1.391522938830401479e+01 1.258561643835616195e-01 2.195044786081845264e-02 4.026113013698630616e-01 1.478162203267984962e-02
1.431663047025125302e+01 2.118523775727466640e-01 1.838084367688497950e-02 4.586586231369765843e-01 1.402548702868589361e-02
1.458423525114954167e+01 2.517605633802816878e-01 1.410538624330923661e-02 4.104821235102925625e-01 1.065129029750208969e-02
1.491873209317211035e+01 3.502328535139712651e-01 1.112388228232532444e-02 3.167866215071973301e-01 7.376827429896504543e-03
1.532013317511935213e+01 3.579812206572769995e-01 7.286608454663799639e-03 1.855150510908588624e-01 3.882278010909360078e-03
1.572153425706659036e+01 3.598753361036421405e-01 6.339595243952208213e-03 1.194695673429479327e-01 2.958148888056383059e-03
1.612293533901382858e+01 3.735259433962264120e-01 5.974174447314862732e-03 4.581367924528302604e-02 2.629207235405744535e-03
1.652433642096106681e+01 3.879374075899458263e-01 6.196717918559823714e-03 -5.421389847215383334e-03 2.995320379958887370e-03
1.685883935238382847e+01 3.885214007782101242e-01 6.290039308496888498e-03 -1.300259403372243938e-01 4.428798891535224401e-03
1.726024043433106669e+01 3.908293697978597048e-01 6.957801542520968691e-03 -2.230231866825208020e-01 6.113918730094326445e-03
1.766164151627830492e+01 3.889630194433854604e-01 8.748584995376500195e-03 -3.081395348837209780e-01 8.643825433864530186e-03
1.806304259822554314e+01 3.535620052770448440e-01 9.868909181786848089e-03 -3.295954265611257816e-01 9.839648561365217649e-03
