0.000000000000000000e+00 4.080321285140562360e-01 2.011391280725904548e-02 4.056224899598393496e-01 1.299094320533533339e-02
3.367372774625523313e-01 3.979118329466356241e-01 1.483340406736879773e-02 3.533932714617169513e-01 9.464579161417158160e-03
6.734684248501494608e-01 4.438002839564599844e-01 1.239137967054406916e-02 2.707051585423568274e-01 6.776572823209530728e-03
1.077550705775229822e+00 4.505557684936757346e-01 1.015084240466991930e-02 1.872364890762744094e-01 4.737570173617751228e-03
1.481632986700310184e+00 4.545765027322404284e-01 9.012876065144639209e-03 1.134733606557377095e-01 3.670677960877447715e-03
1.751025260700334485e+00 4.413437884378843545e-01 7.968431629890568302e-03 3.897601476014758010e-02 3.264318730082938543e-03
2.155101411550459645e+00 4.522808152701391360e-01 8.246433187887007230e-03 -2.822711096732450839e-02 3.752347097754782628e-03
2.559183692475541338e+00 4.478705281090288870e-01 8.382057086538146490e-03 -1.168654173764906434e-01 4.856210039759494002e-03
2.963265973400621700e+00 4.499805749805750321e-01 9.258034368497619626e-03 -2.036713286713286442e-01 6.613352707950000131e-03
3.367348254325701618e+00 4.270506499327656469e-01 1.029767638554384378e-02 -2.839533841326759567e-01 8.773563876229443018e-03
3.704085531788253949e+00 4.187925170068028113e-01 1.282665082459126353e-02 -3.276643990929705152e-01 1.108820239293413848e-02
4.108167812713335643e+00 3.904607922392886454e-01 1.806578222459272881e-02 -3.926839126919966505e-01 1.563769502580370993e-02
4.512250093638416004e+00 3.631167268351386257e-01 2.701244013933782120e-02 -3.880866425992779978e-01 2.035199573397782416e-02
4.848981241026013578e+00 2.681058495821726506e-01 3.178602464876024991e-02 -1.772284122562673425e-01 1.772635371662633491e-02
5.320414655488577615e+00 3.183568677792042445e-01 3.035617834901194190e-02 1.659178433889602344e-01 1.473150067004316832e-02
5.724496936413657977e+00 3.429939516129032473e-01 2.438737445780719132e-02 3.482862903225805717e-01 1.417201808859693858e-02
6.061228083801255551e+00 3.921339563862928923e-01 1.956366988267932081e-02 4.365264797507788508e-01 1.341307348835488883e-02
6.532661498263819588e+00 4.057781649245064681e-01 1.481946012998744400e-02 3.520615563298489792e-01 9.333389962132183915e-03
6.869392645651416274e+00 4.187856203419552670e-01 1.136194489305175290e-02 2.542744410346339246e-01 6.140268058815430766e-03
7.273474926576497523e+00 4.473081328751432606e-01 1.010815926518868549e-02 1.891943489881634244e-01 4.765107178582620243e-03
7.744908341039062449e+00 4.511877643996094478e-01 8.609726498991861557e-03 1.072242108688578055e-01 3.498480793557268934e-03
8.148990621964143699e+00 4.556951956729239361e-01 8.314200319632977093e-03 3.722558065542475730e-02 3.366872051238749275e-03
8.553072902889223172e+00 4.536947402387866424e-01 8.214337890376708501e-03 -4.662794449822523640e-02 3.942835641665876252e-03
8.822459046814291383e+00 4.443510423671822585e-01 8.254498260066233176e-03 -1.161735036987222441e-01 4.800519475656042818e-03
9.293886331201901996e+00 4.440814757878555619e-01 9.171572882750595943e-03 -2.053228285933897113e-01 6.676069113557433175e-03
9.630623608664453883e+00 4.305936073059360436e-01 1.053065724032058864e-02 -2.721461187214612165e-01 8.647352869682104620e-03
1.003470588958953336e+01 4.001761597181445751e-01 1.311746125931371153e-02 -3.430710510863183016e-01 1.165744337228235075e-02
1.043878817051461638e+01 3.884397736459176409e-01 1.797948504098632536e-02 -4.137025060630558637e-01 1.611931301807272010e-02
1.097756045836475103e+01 3.116987179487178405e-01 2.392692788559615605e-02 -3.317307692307692180e-01 1.741247837550568417e-02
1.124695273236477533e+01 3.030303030303029832e-01 3.048890321432006292e-02 -8.695652173913040461e-02 1.573401294781202192e-02
1.178572502021491353e+01 3.172572178477692795e-01 3.093946990665301724e-02 1.729002624671915622e-01 1.491780891056510884e-02
1.205511729421493783e+01 3.389967637540451939e-01 2.607677644171918843e-02 3.740560949298813442e-01 1.552110708464296898e-02
1.245919957514001908e+01 3.790441176470588092e-01 1.834035264568749379e-02 3.764705882352941124e-01 1.165511783852223385e-02
1.286328185606510033e+01 3.946002076843199147e-01 1.323627257233324882e-02 3.098390446521287478e-01 7.914073059203921914e-03
1.320001300345269613e+01 4.294843049327354279e-01 1.173463084510414575e-02 2.732062780269058910e-01 6.561136173738825808e-03
1.360409528437777560e+01 4.469321646341463672e-01 1.009694377369628644e-02 1.970274390243902385e-01 4.817541770941016592e-03
1.400817756530285685e+01 4.483914209115281713e-01 8.788600186991256391e-03 9.693364611260053831e-02 3.562981139155784772e-03
1.434491484276541051e+01 4.522409408773045980e-01 8.315808265603149771e-03 2.844882390336937045e-02 3.524151937121299937e-03
1.488368713061554693e+01 4.486558299468583755e-01 7.928963638357603566e-03 -4.407627383557360945e-02 3.771821805736067564e-03
1.522042440807809882e+01 4.484140233722871960e-01 8.223422395470379731e-03 -1.179465776293823071e-01 4.788317902259203382e-03
1.562450668900318007e+01 4.430870083432658091e-01 9.431885805433137815e-03 -2.061978545887961922e-01 6.806646283483199986e-03
1.602858896992826132e+01 4.008318739054290702e-01 9.944576142414864733e-03 -2.551444833625218234e-01 8.135959156068186052e-03
1.636532624739081498e+01 4.111644657863145480e-01 1.350820511214312694e-02 -3.595438175270108672e-01 1.223230183724393141e-02
1.683675353177842382e+01 3.903798513625102995e-01 1.843095021142432052e-02 -4.157720891824937537e-01 1.644345960051141545e-02
1.717349080924097393e+01 3.381057268722467146e-01 2.457356616717699602e-02 -3.502202643171806740e-01 1.805235550059315977e-02
1.751022195662857328e+01 2.984662576687117097e-01 2.805135591239914933e-02 -1.717791411042945138e-01 1.584671387241473259e-02
1.791430423755365098e+01 2.826899128268991479e-01 2.909706605815009367e-02 1.391656288916563455e-01 1.362352096746913092e-02
1.831838651847873223e+01 3.287461773700306455e-01 2.459499949700198404e-02 3.562691131498470498e-01 1.442337466988360961e-02
