0.000000000000000000e+00 7.304347826086957651e-01 2.289655790654654063e-02 3.458498023715412401e-02 6.869428440096901969e-03
3.325964079596985812e-01 7.091454272863568775e-01 2.155875088126066319e-02 2.923538230884559219e-02 6.503411317688858467e-03
7.317169413540920431e-01 7.213114754098360892e-01 2.159320915776188204e-02 5.402384500745167212e-03 6.574783296477408438e-03
9.978013334859832106e-01 7.009312320916905037e-01 2.054995432697104968e-02 -1.611747851002865231e-02 6.530525491012548894e-03
1.396921866880376673e+00 7.121044885945548852e-01 2.115464207223196821e-02 -1.398086828550403754e-02 6.553814870569090595e-03
1.796042400274770356e+00 7.175856929955291008e-01 2.151906290309082634e-02 -1.434426229508198487e-02 6.815274968094082834e-03
2.195162933669164040e+00 7.309654631083202236e-01 2.260114891125943742e-02 -3.610675039246467183e-02 7.259468303788421326e-03
2.727319608326058908e+00 7.305510534846029191e-01 2.324925126720167601e-02 -3.606158833063206892e-02 7.638800048330370365e-03
3.059922071089201889e+00 7.611438183347349895e-01 2.448013012076983436e-02 -3.490328006728341675e-02 7.816994258837743625e-03
3.459042604483594907e+00 7.197692919649960608e-01 2.270300140501646177e-02 -2.824184566428003876e-02 7.329278606252971270e-03
3.858163137877988369e+00 7.582037996545767378e-01 2.500429409544686205e-02 -7.987910189982735248e-03 7.709346613087213543e-03
4.190759545837686950e+00 7.220853858784892498e-01 2.341627999107056754e-02 9.441707717569775005e-03 7.215323271153034103e-03
4.656404204666775293e+00 7.397317686504609746e-01 2.413897738244661847e-02 2.305113160100585173e-02 7.256629707217928001e-03
5.055524738061168755e+00 7.404166666666667229e-01 2.407468426488089744e-02 1.812499999999999181e-02 7.404799436007704003e-03
5.388121146020867336e+00 7.394907033144705322e-01 2.350053241474331367e-02 4.628132578819724868e-02 7.002162121036964448e-03
5.787241679415260798e+00 7.308593750000000888e-01 2.269368466236791962e-02 3.027343749999998612e-02 6.868698092846771408e-03
6.119844142178403779e+00 7.324865280985374261e-01 2.245421146943978735e-02 3.637413394919171428e-02 6.723564013189796060e-03
6.585482746204047722e+00 7.036830357142858094e-01 2.134775874263649190e-02 2.845982142857143848e-02 6.490236076874989803e-03
6.918085208967189814e+00 7.074621485219898531e-01 2.082370062634706157e-02 1.333813987022351363e-02 6.349512097327898209e-03
7.317205742361584164e+00 7.012017479970866773e-01 2.085968471616035658e-02 -3.641660597232324915e-03 6.515141826051342247e-03
7.782844346387227219e+00 7.027858176555715763e-01 2.073487464198514596e-02 -1.555716353111432845e-02 6.533250554037263111e-03
8.181964879781622457e+00 7.111973392461197196e-01 2.116987250087494499e-02 -3.954175905395417023e-02 6.858716106795871570e-03
8.514567342544763662e+00 7.189168573607932489e-01 2.188439745660248487e-02 -4.214340198321891995e-02 7.196662860017823821e-03
8.847163750504462243e+00 7.293650793650794384e-01 2.278343229322642507e-02 -4.206349206349203895e-02 7.446875135352752813e-03
9.379326479964802843e+00 7.440230832646331782e-01 2.378358985614818094e-02 -3.998351195383348378e-02 7.747373068065044159e-03
9.711928942727944047e+00 7.703539823008850318e-01 2.566227706661685856e-02 -4.115044247787612991e-02 8.229422162350256628e-03
1.004452535068764440e+01 7.450686106346484650e-01 2.463965170880689018e-02 -1.479416809605491566e-02 7.775316414111375397e-03
1.037712781345078561e+01 7.502153316106805470e-01 2.479401218953521807e-02 -9.043927648578801992e-03 7.648121035659768453e-03
1.077624834684517907e+01 7.369528619528618041e-01 2.415842851561974050e-02 1.409932659932660454e-02 7.340562707262365122e-03
1.110885080960832028e+01 7.519280205655527460e-01 2.481961671953949664e-02 4.220222793487577589e-02 7.306454480678661358e-03
1.157448941363396422e+01 7.300724637681159646e-01 2.321970605294033235e-02 3.401771336553945091e-02 6.940785210145805802e-03
1.190708582159366458e+01 7.500000000000000000e-01 2.398932731311491026e-02 4.823481116584561745e-02 7.128985225512682322e-03
1.230621240979150244e+01 7.349609375000000222e-01 2.276428313479938667e-02 3.671874999999999445e-02 6.809694324864788532e-03
1.270532688838245150e+01 7.334212509419744119e-01 2.206781670590369018e-02 3.767897513187643682e-02 6.518416906007350707e-03
1.303792935114559270e+01 7.237827715355805713e-01 2.179350645275868192e-02 2.153558052434458372e-02 6.625896795736668440e-03
1.350356795517123665e+01 7.039756446991404237e-01 2.065388942418653478e-02 1.575931232091688783e-02 6.264190664621450098e-03
1.376965234730312915e+01 7.056686046511627675e-01 2.089647627027561849e-02 -2.725290697674418675e-03 6.500612789378626931e-03
1.423529095132877487e+01 7.125091441111923718e-01 2.110427781058329261e-02 -1.481346013167521639e-02 6.674072619280387031e-03
1.456789341409191785e+01 7.021002210759026418e-01 2.100206189594253786e-02 -3.113485630066322590e-02 6.784183061385510444e-03
1.503353201811756179e+01 7.243491577335375853e-01 2.205265631147303867e-02 -4.173047473200611895e-02 7.244815272993153192e-03
1.543265255151195348e+01 7.274703557312254265e-01 2.269741423906729630e-02 -3.794466403162054940e-02 7.408145674420352558e-03
1.589829115553760097e+01 7.253210272873193976e-01 2.294887480354154685e-02 -3.631621187800966599e-02 7.489333742097674038e-03
1.616437554766948992e+01 7.562178387650086986e-01 2.483595367979224075e-02 -2.401372212692967981e-02 7.929505660831000918e-03
1.656349002626043898e+01 7.381154499151103554e-01 2.438884603414248967e-02 3.820033955857394560e-03 7.670294392989779851e-03
1.696261055965483422e+01 7.398648648648646908e-01 2.426183969587082656e-02 0.000000000000000000e+00 7.509889883352506221e-03
1.742825521848392256e+01 7.409359190556492614e-01 2.430938323111782665e-02 1.854974704890390361e-02 7.460179946713692625e-03
1.776085162644361759e+01 7.196787148594377959e-01 2.300780224661458373e-02 3.534136546184739325e-02 6.929544956222980293e-03
1.815997215983801638e+01 7.012839879154079137e-01 2.161351379246087209e-02 4.116314199395770118e-02 6.578735903534375408e-03
