0.000000000000000000e+00 -1.575630252100845841e-02 1.847023831503191021e-02 -3.089985994397758673e-01 1.401821267026940980e-02
2.672713611923320798e-01 -1.510761589403973870e-01 2.391737949540128499e-02 -1.759105960264897850e-02 1.186330225980003136e-02
6.681875259081655472e-01 -6.223554301833567060e-02 2.045124612924568638e-02 2.736248236953454649e-01 1.161292796681125290e-02
1.069091526720882701e+00 5.132004310344828735e-02 1.535809146988261105e-02 3.638200431034482318e-01 1.043864861445886402e-02
1.470007691436716390e+00 1.786004056795132411e-01 1.133593950995244806e-02 3.866125760649086751e-01 8.678998935629194181e-03
2.004550413821379440e+00 2.692488262910798791e-01 8.685072686174662507e-03 3.161971830985915166e-01 6.220047640723806726e-03
2.338644176775461325e+00 3.028387404580152875e-01 6.605299715630896795e-03 2.152910305343511688e-01 4.012495028420950093e-03
2.739554259539738190e+00 3.259526800670016211e-01 5.786634213802638489e-03 1.503350083752093835e-01 3.133300431925284055e-03
3.073641940542262141e+00 3.500954198473282819e-01 5.217860700919130408e-03 7.652671755725189151e-02 2.593944024587144324e-03
3.474552023306539006e+00 3.604019813297770769e-01 5.120553869970423735e-03 1.371689845684891454e-02 2.698796817329765334e-03
3.875462106070814094e+00 3.548130469371518769e-01 5.106765685408998744e-03 -7.851034208432774997e-02 3.404337280068021193e-03
4.343194590596841209e+00 3.383037225042301310e-01 5.169434949297486634e-03 -1.512267343485617366e-01 4.265016343902305017e-03
4.677282271599366048e+00 3.151880068812976110e-01 5.741502290245626035e-03 -2.356844433521749771e-01 5.782018951163909667e-03
5.145008674173834784e+00 2.737582543784093936e-01 6.535059524306532398e-03 -2.901952339936835767e-01 7.156888130938187514e-03
5.479102437127917113e+00 1.862801377726751029e-01 8.835747241189977411e-03 -3.560084194412552749e-01 9.722637603932965389e-03
5.946828839702386738e+00 8.689979123173285913e-02 1.278738991555176951e-02 -3.902661795407097456e-01 1.264859998492276483e-02
6.280922602656469067e+00 -5.519943019943018836e-02 1.902143446098125690e-02 -3.208689458689458762e-01 1.422477123130070839e-02
6.681832685420744156e+00 -1.071724709784410701e-01 2.331571959328204366e-02 -7.172470978441125578e-02 1.240713983370806371e-02
7.082742768185021021e+00 -3.729915837796471401e-02 2.146498712568739933e-02 2.299158377964805322e-01 1.166392016829259290e-02
7.416836531139103350e+00 7.700057570523899386e-02 1.604296239711686459e-02 3.778065630397236530e-01 1.103922199446631842e-02
7.750924212141628189e+00 1.901191001323335739e-01 1.214562831662851887e-02 3.908248786943097075e-01 9.189751604127728221e-03
8.218656696667654415e+00 2.534268409308256254e-01 8.876345365845590696e-03 3.304909148868346302e-01 6.517477993049899943e-03
8.619566779431929504e+00 3.098296199213630420e-01 7.302935809250774013e-03 2.517693315858453573e-01 4.714662582303915696e-03
8.953654460434455231e+00 3.386368641268442947e-01 6.138163045598103718e-03 1.690706892754899882e-01 3.399939019348474905e-03
9.354564543198730320e+00 3.572150363783346827e-01 5.566072249221152429e-03 9.635206143896522801e-02 2.768303785442854156e-03
9.755474625963007185e+00 3.583504576872781344e-01 5.038815286803085061e-03 2.082944143470951900e-02 2.631219951731730931e-03
1.008956838891709040e+01 3.577393668673528593e-01 5.046791071181417655e-03 -4.947562633521072201e-02 3.077157998675524291e-03
1.049047847168136549e+01 3.430220465890183035e-01 5.187085903405612604e-03 -1.199563227953411026e-01 3.907700211889227580e-03
1.095820487425583423e+01 3.254072831816003930e-01 5.668113928670415538e-03 -2.050790608528989256e-01 5.275065054775880669e-03
1.129229863720991744e+01 2.771420597264862007e-01 6.373241681335816734e-03 -2.863522188110522171e-01 6.996122651904626219e-03
1.176002503978438618e+01 2.241595135908440728e-01 8.192863812158989248e-03 -3.429005722460657934e-01 9.122404448006301084e-03
1.209411880273846762e+01 1.364145031333929836e-01 1.069115443972541192e-02 -3.574306177260519468e-01 1.083506882293447209e-02
1.256184520531293813e+01 1.673228346456689941e-02 1.686031472331689721e-02 -3.262795275590551491e-01 1.349725722177684030e-02
1.289593896826701958e+01 -1.156925540432347521e-01 2.252088869205682090e-02 -1.297037630104083683e-01 1.253071489429459506e-02
1.336366537084148831e+01 -5.878995433789957481e-02 2.148969392473499759e-02 1.721841704718416743e-01 1.112534972483959946e-02
1.376457545360576340e+01 5.142503097893424968e-02 1.734425602965751489e-02 3.460346964064436315e-01 1.130430402451893315e-02
1.403184681479809726e+01 1.758581235697941336e-01 1.270186547255864988e-02 4.068649885583524584e-01 9.783276167397268394e-03
1.449957321737256599e+01 2.451448040885860213e-01 9.454128839553250715e-03 3.421635434412266252e-01 6.996543180978706013e-03
1.490048330013684108e+01 2.993109970278302612e-01 7.534394587466630711e-03 2.655363415293164886e-01 5.004712649002003751e-03
1.523457706309092252e+01 3.222918531781557849e-01 6.239400004861889518e-03 1.899619516562220389e-01 3.623469912425303537e-03
1.563548714585520116e+01 3.485236220472440749e-01 5.412485869482625521e-03 1.018700787401574936e-01 2.708251274713288637e-03
1.590275850704753147e+01 3.580991264717052758e-01 5.125817164933138721e-03 3.256741359665781682e-02 2.610815933078218694e-03
1.630366858981180656e+01 3.554337464251668410e-01 4.968290013562877590e-03 -3.913250714966633875e-02 2.949620788926876971e-03
1.670457867257608342e+01 3.454282291874625765e-01 4.996960698475437154e-03 -1.111000199640646835e-01 3.687018256864090134e-03
1.717231115710210787e+01 3.287896592244418104e-01 5.596377345769728423e-03 -2.045828437132785060e-01 5.231923977602514000e-03
1.750639883810463360e+01 2.908036454018226857e-01 6.338486857706054564e-03 -2.752002209334438176e-01 6.783603565281383363e-03
1.797413132263066160e+01 2.348090277777777901e-01 7.938145547613056213e-03 -3.424479166666666852e-01 8.957739522016285386e-03
1.837503532344338097e+01 1.449598572702942567e-01 1.059955164205853874e-02 -3.814674397859054156e-01 1.127771198471409081e-02
1.870912908639746064e+01 6.883604505631968351e-03 1.616258387794609203e-02 -3.355757196495620098e-01 1.321408455212005201e-02
1.904322284935154386e+01 -8.984375000000000000e-02 2.164738628653191735e-02 -1.472656250000000389e-01 1.245284245073566623e-02
1.951094925192601082e+01 -8.057692307692310152e-02 2.220637379438705067e-02 2.171153846153845712e-01 1.194862813812740121e-02
1.984504301488009759e+01 1.653022670025183771e-02 1.795396725044212313e-02 3.663413098236776300e-01 1.183550883329198902e-02
2.024595309764437445e+01 1.636255924170616494e-01 1.316599053262413124e-02 4.082938388625592663e-01 1.007173281673486541e-02
2.064686318040864776e+01 2.417160795256365624e-01 9.756626968346884463e-03 3.648412975235437727e-01 7.494048435076599429e-03
2.098095086141117349e+01 2.902843601895734871e-01 6.958932104722727156e-03 2.492516837116487693e-01 4.533440541162091393e-03
2.138186094417544680e+01 3.202560735390676538e-01 6.096377314064413411e-03 1.867476471875683663e-01 3.519546808715467556e-03
2.178277102693972367e+01 3.455590800951626185e-01 5.433732123095930296e-03 1.050753370340999360e-01 2.715193217822656473e-03
2.225049742951419063e+01 3.527635431918009212e-01 4.854074752841666500e-03 1.889641288433381930e-02 2.463172109129514037e-03
2.258459119246827385e+01 3.550594676231829117e-01 4.865467329365928684e-03 -6.461204455352084763e-02 3.117406683919144491e-03
2.305231759504274436e+01 3.468806238752250026e-01 4.968417397393370960e-03 -1.246750649870026206e-01 3.811310156060533465e-03
2.338641135799682758e+01 3.336879432624113573e-01 5.592530904700427491e-03 -2.137115839243498849e-01 5.330669278448064638e-03
2.378732144076110444e+01 3.002286585365854243e-01 6.982473940056678659e-03 -3.243902439024390350e-01 7.989033718502638881e-03
2.425504784333557140e+01 2.042613636363637131e-01 8.760553293671839367e-03 -3.673295454545454919e-01 9.930315100074282517e-03
2.465595792609984827e+01 1.243373493975903354e-01 1.170118632166000129e-02 -3.789156626506023362e-01 1.190746671736965176e-02
