0.000000000000000000e+00 -3.702910958904115368e-02 2.313686643344748523e-02 -2.101883561643835829e-01 1.445470068452034060e-02
4.001584080900864038e-01 -5.601851851851846753e-02 2.583298686164796007e-02 1.400462962962962243e-01 1.304929920737165835e-02
7.336257716812841778e-01 3.712871287128705067e-02 1.979186518565101069e-02 3.474186704384723545e-01 1.235058812804623422e-02
1.133784179771368805e+00 1.601890756302521979e-01 1.460100723171068975e-02 4.246323529411764608e-01 1.097538610662969136e-02
1.600633632360342506e+00 2.464584090083545287e-01 1.013236130182855292e-02 3.531601888848528437e-01 7.411878393102157812e-03
2.067483084949314875e+00 3.122096399535423950e-01 8.166700421288065892e-03 2.883275261324041994e-01 5.461619475951535151e-03
2.400950448540512649e+00 3.440082644628099096e-01 6.837350213972048264e-03 1.988332523091881354e-01 3.851149646797483520e-03
2.734417812131711312e+00 3.664340101522842730e-01 5.911900482646659065e-03 1.152178510998307925e-01 2.851527552075270016e-03
3.201267264720683681e+00 3.749752817876211286e-01 5.431429960088425199e-03 3.272691318963812102e-02 2.634391359305388210e-03
3.534734628311881455e+00 3.794536817102137638e-01 5.330333585685072088e-03 -2.909738717339666395e-02 2.932789831514702895e-03
4.001584080900855156e+00 3.717456252667520333e-01 5.505258834904745019e-03 -1.050469483568075013e-01 3.750252612856116476e-03
4.335051444492052930e+00 3.597232427136908828e-01 6.011568457665848048e-03 -2.000367376928728902e-01 5.246506164834160817e-03
4.801900897081026187e+00 3.190336749633967406e-01 6.880001656564578051e-03 -2.838213762811127028e-01 7.119680067162234734e-03
5.135362190123843540e+00 2.720588235294117418e-01 8.096981837247014396e-03 -3.422619047619047672e-01 8.928990295447265108e-03
5.535526668762308589e+00 2.012820512820513441e-01 1.092930434264644673e-02 -3.923076923076922462e-01 1.163636665356300795e-02
6.069067165850169587e+00 7.340862422997951331e-02 1.699047606046498113e-02 -4.012662559890485259e-01 1.515787176377704319e-02
6.402534529441367361e+00 -3.834745762711877504e-02 2.259786279908984966e-02 -2.118644067796609798e-01 1.383209741036004956e-02
6.735995822484184714e+00 -4.684763572679506716e-02 2.424330214770896094e-02 8.887915936952713036e-02 1.199110271139562645e-02
7.136154230574271118e+00 6.250000000000011102e-02 2.084323111988609437e-02 3.469696969696969280e-01 1.296704653807638843e-02
7.603009753711623908e+00 1.943325661680092020e-01 1.574884202053595389e-02 4.384349827387802878e-01 1.186721877177909432e-02
7.803088957756667554e+00 2.790890269151138914e-01 1.149939799078918481e-02 3.866459627329192350e-01 8.634117955386971105e-03
8.336629454844526776e+00 3.143776824034334449e-01 8.558097812309170202e-03 2.850245248313917901e-01 5.622492704027445484e-03
8.603405773936836809e+00 3.474981141563993070e-01 7.108871189036718684e-03 2.182549660548151749e-01 4.146533668893823132e-03
9.070255226525809178e+00 3.739188290086493671e-01 6.268885539002588304e-03 1.411621202040363732e-01 3.124441015588079375e-03
9.470413634615896470e+00 3.779755849440488147e-01 5.619558721703481023e-03 5.651068158697863247e-02 2.626379197704211809e-03
9.803874927658714711e+00 3.813515737502571890e-01 5.498868852796623755e-03 -2.900637728862373588e-02 2.966671086019763079e-03
1.020403333574880023e+01 3.739565943238731260e-01 5.384439230286195907e-03 -9.886268781302169628e-02 3.586637453272510396e-03
1.060419174383888397e+01 3.642623716153128299e-01 5.761640325225102222e-03 -1.778711484593837600e-01 4.768709981028723850e-03
1.100435015192897126e+01 3.408252977878616363e-01 6.738434529272726084e-03 -2.651730005672150448e-01 6.682097279623403982e-03
1.133781751552016814e+01 2.902149740548554124e-01 8.573449094781852853e-03 -3.485915492957746276e-01 9.315383163080320078e-03
1.180466696810914051e+01 2.162584053794429084e-01 1.119933125709646898e-02 -4.230307396733908876e-01 1.245177193873336745e-02
1.207144328720145054e+01 1.108829568788500808e-01 1.664965940757959575e-02 -4.553388090349076434e-01 1.635084028880123830e-02
1.253829273979042469e+01 -9.361702127659743411e-03 2.219369000285239396e-02 -2.770212765957446588e-01 1.499770136078583394e-02
1.307183930742666433e+01 -1.501364877161059930e-02 2.479940403782196143e-02 1.273885350318470777e-01 1.242494408066036234e-02
1.333860955597059395e+01 3.408195429472027360e-02 2.184593512399145981e-02 3.695823483057525949e-01 1.372740591797551660e-02
1.373876796406067946e+01 1.594269870609981155e-01 1.700335999181508059e-02 4.804374614910658647e-01 1.329975069335366175e-02
1.420561741664965361e+01 2.691097122302158473e-01 1.253863412969843591e-02 4.341276978417266119e-01 9.979459945471011798e-03
1.460577582473973912e+01 3.265807243707795626e-01 8.652851298614408840e-03 3.007213014119092254e-01 5.850501455022384494e-03
1.493924318833093601e+01 3.519454269833248716e-01 7.187895928749943840e-03 2.293456291056089058e-01 4.283944995817922513e-03
1.540609264091990838e+01 3.719978165938864212e-01 6.190702495871933976e-03 1.504912663755458568e-01 3.127409011012669340e-03
1.567286288946384154e+01 3.751240817947190664e-01 5.524358118764374249e-03 7.499503672821122846e-02 2.568113085556832358e-03
1.607302129755392528e+01 3.793842168194500042e-01 5.360072485550172565e-03 -2.087485053806295218e-02 2.858935189897663081e-03
1.640648866114512572e+01 3.738265306122449116e-01 5.288212503350311552e-03 -9.229591836734693522e-02 3.470082938043794318e-03
1.680664706923520768e+01 3.683219178082192125e-01 5.669714895413411129e-03 -1.761415525114155001e-01 4.690895870071273323e-03
1.720680547732529320e+01 3.485274431057563405e-01 6.399198456590147674e-03 -2.589692101740294627e-01 6.365742492955816546e-03
1.760696388541537871e+01 2.885699189855582270e-01 8.137532422581224625e-03 -3.467770341669602074e-01 9.014968324999716315e-03
1.800712229350546423e+01 2.195207073057235947e-01 1.093652056870711604e-02 -4.055374592833876357e-01 1.195167822830798393e-02
1.847397174609443837e+01 1.020749665327979061e-01 1.658152357211680264e-02 -4.143239625167335904e-01 1.541260453685298557e-02
