0.000000000000000000e+00 6.124513618677043247e-01 1.997362675109708163e-02 5.953307392996105840e-02 6.833942438336088748e-03
3.943894139318966374e-01 5.788712011577423766e-01 1.830779501326864137e-02 6.584659913169318979e-02 6.294789334115744039e-03
7.230432701880480373e-01 5.856258596973865638e-01 1.754673047887366638e-02 3.232462173314992748e-02 6.099147003209705147e-03
1.183162258765046548e+00 5.701075991930060205e-01 1.699043191482995860e-02 8.574310692669782560e-03 6.185832273949590059e-03
1.577557655727585662e+00 5.950920245398774178e-01 1.746761717024332417e-02 9.202453987730046386e-03 6.113601093773108827e-03
1.971941086628839157e+00 6.000676132521975958e-01 1.747998737114779544e-02 6.761325219743046129e-03 6.286309652692272966e-03
2.366330500560736017e+00 5.931786216596343086e-01 1.790621841363151945e-02 -2.320675105485231482e-02 6.732012186856299422e-03
2.694990339847530336e+00 5.767997148966499399e-01 1.785847605808674535e-02 -3.777619387027799508e-02 6.944901897102341050e-03
3.155109328424528847e+00 6.049290515309933003e-01 1.891262218113448634e-02 -5.171769977595221113e-02 7.289455917806778734e-03
3.549498742356425485e+00 5.671589310829816544e-01 1.740561277057355027e-02 -5.942334739803093596e-02 6.942419824687607287e-03
3.878158581643220248e+00 5.775340393343419976e-01 1.860297578025349452e-02 -7.299546142208773736e-02 7.408341718275520370e-03
4.338277570220218315e+00 5.831372549019608886e-01 1.930949568922383716e-02 -6.686274509803921684e-02 7.579390864135891401e-03
4.666937409507013079e+00 6.111344537815126543e-01 2.093491401013349365e-02 -5.546218487394956320e-02 7.853794469275622581e-03
5.061326823438909273e+00 6.240140227870289991e-01 2.203379887538958748e-02 -5.148992112182293468e-02 8.401797093033352634e-03
5.587175386661010101e+00 6.756756756756757687e-01 2.495641340197533517e-02 -4.826254826255066519e-04 8.773979493355557255e-03
6.047300358268651088e+00 6.697269303201506263e-01 2.436240799301843049e-02 1.647834274952920605e-02 8.420831408724231693e-03
6.310224639879700170e+00 6.795348837209302939e-01 2.445667433373168928e-02 7.534883720930235507e-02 8.345085939079654666e-03
6.704614053811596364e+00 6.215248525695029613e-01 2.167644723492529596e-02 9.646166807076662908e-02 7.645404925487755618e-03
7.164733042388594875e+00 6.030303030303030276e-01 1.965704171622949248e-02 1.386363636363636409e-01 7.191802552809289407e-03
7.559122456320492844e+00 6.052044609665426789e-01 1.942017441958831733e-02 1.425650557620817827e-01 7.197388906116867179e-03
7.887782295607286720e+00 5.795904887714663500e-01 1.723205433898944428e-02 1.340819022457067078e-01 6.417623182553513009e-03
8.282171709539182913e+00 5.697310819262039194e-01 1.617681427916882464e-02 8.302063789868666110e-02 5.772885849156683506e-03
8.742290698116180536e+00 5.540158371040724283e-01 1.451740858636293811e-02 3.308823529411763359e-02 5.197334813565414324e-03
9.070950537402975300e+00 5.403225806451613655e-01 1.378408128577323852e-02 -1.913613996719526564e-03 5.013081276119362578e-03
9.465339951334872381e+00 5.296767355590884518e-01 1.317253658613531941e-02 -4.795972443031267657e-02 5.271930707489998202e-03
9.793999790621668922e+00 5.408905704307334084e-01 1.445321741015845145e-02 -6.286379511059371483e-02 6.013309593715663107e-03
1.025411877919866654e+01 5.501930501930502038e-01 1.587996824628697123e-02 -1.024774774774774577e-01 7.246729813087549044e-03
1.064850819313056185e+01 5.957926371149511180e-01 1.876352965559924951e-02 -1.442524417731029240e-01 8.953231859666972020e-03
1.097716204938671325e+01 6.128472222222222099e-01 2.172061021836283953e-02 -1.449652777777777901e-01 1.034941766697970722e-02
1.143728702099435424e+01 5.899742930591260759e-01 2.114446546182980474e-02 -1.083976006855184304e-01 9.429277897764107644e-03
1.183167643492625309e+01 5.634394341290892561e-01 2.149903835887947631e-02 -5.393457117595047701e-02 8.860060970470809080e-03
1.216033029118240272e+01 5.697455230914232338e-01 2.301746545038648589e-02 2.450518378887843116e-02 8.629198335853035737e-03
1.262045526279004548e+01 5.164068908941756852e-01 1.973760972528504007e-02 7.260049220672684656e-02 7.264804899500212736e-03
1.301484467672194079e+01 5.528052805280527782e-01 2.025665001093261350e-02 6.745049504950494101e-02 7.307994668798096713e-03
1.347496366529893841e+01 5.614503816793893209e-01 1.901911507864954484e-02 7.557251908396944717e-02 6.749109599447772334e-03
1.380362350458573495e+01 5.731707317073170271e-01 1.765172650322361161e-02 7.578397212543554196e-02 6.017049633257566185e-03
1.413227736084188635e+01 5.876494023904382802e-01 1.705318027926618074e-02 3.569057104913677531e-02 5.868361514063126158e-03
1.446093720012868111e+01 5.878514056224900530e-01 1.711945363527021813e-02 2.576974564926371933e-02 5.863627078347283250e-03
1.492105618870567874e+01 5.864440078585462235e-01 1.672552895471659043e-02 -1.800916830386380812e-03 5.925837719185741113e-03
1.531544560263757404e+01 6.051136363636364646e-01 1.718290392649820392e-02 -4.227941176470589868e-02 6.424129713438491221e-03
1.577556459121457344e+01 5.929218967921897621e-01 1.770200650077287038e-02 -4.637377963737796677e-02 6.875491753766512816e-03
1.603849485585626766e+01 6.112737920937043601e-01 1.867895928339070172e-02 -5.527086383601755026e-02 7.230334249169188474e-03
1.636714871211241729e+01 6.110469591993842320e-01 1.952292111059023699e-02 -6.120092378752887974e-02 7.709882382826088905e-03
1.682727368372005827e+01 6.203468697123519782e-01 2.149560969013999609e-02 -2.813028764805416970e-02 8.221475734920154904e-03
1.722166309765195535e+01 5.887096774193547599e-01 2.022281844530014749e-02 -4.233870967741909866e-03 7.635662902429280266e-03
1.755031695390810853e+01 6.048657718120806770e-01 2.129857803975404931e-02 3.628355704697985851e-02 7.822475505657041153e-03
1.794470636784000561e+01 5.930521091811414847e-01 2.086914959117075474e-02 4.921422663358149957e-02 7.585991484362870386e-03
1.833909578177190269e+01 5.599779897285399599e-01 1.835605763634795551e-02 6.713132795304477263e-02 6.562913469518132786e-03
1.866775562105869568e+01 5.599787685774946233e-01 1.770022069682143304e-02 3.963198867657463653e-02 6.318875888729971399e-03
1.906214503499059276e+01 5.456465237166991944e-01 1.613781421435686939e-02 2.485380116959065230e-02 5.644076553176668141e-03
1.952226402356759039e+01 5.569290826284971629e-01 1.643269639281947150e-02 5.026024723487314966e-02 5.799088034604421744e-03
1.985092386285438693e+01 5.736434108527131981e-01 1.666908082035357952e-02 5.232558139534885383e-02 6.108866518756275905e-03
2.017957771911053655e+01 5.823087431693989569e-01 1.731534747742206892e-02 -1.536885245901639489e-02 6.431593995008547983e-03
2.063970269071817754e+01 6.206319702602229871e-01 1.922346546417279256e-02 -3.178438661710034779e-02 7.343161455693825515e-03
2.103409210465007462e+01 5.755928853754940233e-01 1.661724203637788069e-02 -4.990118577075099149e-02 6.582425980543796587e-03
2.142848151858197170e+01 5.201541197391820193e-01 1.453790804017112380e-02 -3.941908713692945931e-02 5.909021287364864955e-03
2.175713537483812487e+01 5.850340136054421603e-01 1.881033024615123839e-02 -5.725623582766436320e-02 7.399580909542805007e-03
2.221726034644576586e+01 5.509868421052631637e-01 1.778388486179826797e-02 -4.203216374269008043e-02 6.797827025062091501e-03
2.261164377734701603e+01 5.840761750405186747e-01 2.006548935417088245e-02 -5.753646677471638271e-02 8.061481825579388388e-03
2.294030361663381257e+01 5.694227769110764559e-01 1.932138430416100242e-02 -6.532761310452415981e-02 8.214757696114367153e-03
2.340042260521081019e+01 6.208010335917313327e-01 2.175923264312633332e-02 -8.182601205857013144e-03 7.835951796955734766e-03
2.372908244449760673e+01 6.627802690582960121e-01 2.329434978604163001e-02 3.139013452914811084e-03 8.293466430311428189e-03
2.418920143307460435e+01 5.879254457050243632e-01 2.034083940581249764e-02 4.457050243111832649e-02 7.228978336198048187e-03
2.458359084700650143e+01 5.271819526627219421e-01 1.804281148935136733e-02 3.790680473372782383e-02 6.700535343553248868e-03
