0.000000000000000000e+00 1.464143426294822747e-01 2.307202514988414277e-02 -4.033864541832669626e-01 1.935026001176827840e-02
3.282570314203208106e-01 1.207865168539323797e-02 2.761691346323345495e-02 -1.587078651685394082e-01 1.582954215036351878e-02
7.221630788455875027e-01 3.673570019723881863e-02 2.491467422678448132e-02 2.107988165680473591e-01 1.288655977260475330e-02
1.050414134568110391e+00 1.148315529991783546e-01 2.098814019711772727e-02 4.278964667214461559e-01 1.446335720786530096e-02
1.509975173696119777e+00 2.332409972299169243e-01 1.431567004909102374e-02 4.242382271468144173e-01 1.090738183821034733e-02
1.903881221121386247e+00 3.040630550621669093e-01 1.153691864739176363e-02 3.549067495559502516e-01 8.179249274782350934e-03
2.363436284551597488e+00 3.627878576413119394e-01 9.216803452527568344e-03 2.581123517096999276e-01 5.564275402804672900e-03
2.691693315971918299e+00 3.875539568345324204e-01 7.790743334443469593e-03 2.050359712230215847e-01 4.289127586629795305e-03
3.085599363397184991e+00 3.913818539463978508e-01 6.585859115382362849e-03 1.084952053110400799e-01 3.116842521948740181e-03
3.479505410822451239e+00 3.976633227306092810e-01 6.410219020694422724e-03 4.257401517005138941e-02 2.978226597299912706e-03
3.939060474252662480e+00 3.940976591995972722e-01 6.344778389949988669e-03 -3.945381323936569817e-02 3.426337524482727000e-03
4.267311529975185813e+00 3.782886648635357951e-01 5.919361775306524430e-03 -1.156257683796410030e-01 4.051903945968952404e-03
4.726872569103194976e+00 3.549719887955182229e-01 6.398434530474321306e-03 -2.070028011204481655e-01 5.652176400034421462e-03
5.055123624825719197e+00 3.392130257801899695e-01 7.545778515457490440e-03 -2.673846675712347465e-01 7.324201248120308823e-03
5.317731640241094127e+00 2.989057615006699420e-01 9.779191028293740193e-03 -3.345243412237606240e-01 9.975625495563160069e-03
5.711637687666360819e+00 2.231806775407779719e-01 1.376547967175021508e-02 -4.689460476787954413e-01 1.542732136163346875e-02
6.171192751096572948e+00 7.830783078307845813e-02 2.095852930032951131e-02 -4.561206120612061321e-01 1.918404386876733717e-02
6.565098798521838752e+00 4.041755888650966355e-02 2.612234878778232558e-02 -1.841541755888651266e-01 1.573273050254348632e-02
6.959004845947104556e+00 7.881269191402240359e-02 2.550664639183848614e-02 1.614636642784032516e-01 1.316388887598237030e-02
7.352910893372371248e+00 7.288765088207993514e-02 2.361369727199299356e-02 3.727948003714021130e-01 1.466044914786074002e-02
7.615512933089949144e+00 2.069021386908620475e-01 1.661405905722307744e-02 4.455605962410887910e-01 1.256289078911788752e-02
8.009418980515215836e+00 2.893805309734513442e-01 1.149808255453978363e-02 3.546460176991150792e-01 8.190309509520592168e-03
8.468974043945426189e+00 3.427700348432055621e-01 9.198540424330119494e-03 2.762195121951219745e-01 5.830753243559493905e-03
8.862886067068490803e+00 3.835937499999999556e-01 8.327839629990002948e-03 2.159374999999999767e-01 4.598374718183384849e-03
9.191137122791014136e+00 3.919968919968920273e-01 6.864299925531932266e-03 1.192696192696192786e-01 3.186452299817954525e-03
9.585043170216280828e+00 3.931159420289855322e-01 6.275761143493556807e-03 3.478260869565218127e-02 2.921194719341487639e-03
1.004459823364649296e+01 3.902483124397299608e-01 6.032853743361542807e-03 -4.604628736740597889e-02 3.307015733490283223e-03
1.030720624906186877e+01 3.949492319708409194e-01 6.321241469968149479e-03 -1.085003905233012378e-01 4.076913118773201929e-03
1.070111229648713547e+01 3.800590841949779142e-01 6.886040574761407261e-03 -1.988183161004431210e-01 5.721696684143458105e-03
1.109501834391240038e+01 3.420310296191820809e-01 7.842744450184919308e-03 -2.835860366713681135e-01 7.780003545788628447e-03
1.155457340734261074e+01 3.015194681861348980e-01 1.034020654041481295e-02 -3.867521367521367659e-01 1.137878184108167753e-02
1.188283043876293377e+01 2.669602087410306579e-01 1.436488923276338370e-02 -4.398238747553815942e-01 1.511084471081747781e-02
1.227673648618820046e+01 1.308810949529514156e-01 1.961603314252322386e-02 -3.945680068434558874e-01 1.697029163519515535e-02
1.267064253361346715e+01 2.356446370530873580e-02 2.618939964248514357e-02 -2.307692307692306988e-01 1.630197411334774818e-02
1.319584661304862117e+01 1.292134831460667321e-02 2.814654052183997515e-02 1.477528089887640284e-01 1.380946390155517872e-02
1.352410364446894242e+01 1.326486013986014623e-01 2.205010760078605914e-02 3.907342657342657288e-01 1.437586883156010374e-02
1.391800969189420911e+01 2.368506493506493671e-01 1.650125437141350751e-02 4.141233766233766156e-01 1.192349402084048014e-02
1.431191573931947403e+01 3.089717741935483764e-01 1.313714610193266429e-02 4.067540322580645018e-01 9.901867381650594768e-03
1.470582178674474250e+01 3.637917933130698778e-01 1.010697673840040695e-02 3.114551671732522786e-01 6.699658604579406332e-03
1.503407284246726583e+01 3.833182776272207049e-01 8.077785049788097776e-03 2.121348991267690554e-01 4.475867075669521557e-03
1.536232987388758708e+01 3.934811827956989361e-01 7.130730820884926928e-03 1.266801075268817189e-01 3.356966178549457194e-03
1.582188493731779921e+01 3.933991809202601608e-01 6.256230839402998276e-03 5.016863406408093862e-02 2.793340144140820432e-03
1.621579098474306591e+01 3.947589349964020222e-01 6.001674632023362710e-03 -3.723914607819621414e-02 3.130052933792870640e-03
1.660969703216833082e+01 3.862948006057547179e-01 6.044909375614998526e-03 -1.217188288743059343e-01 4.118505389636487740e-03
1.687230504758370842e+01 3.787591240875912146e-01 6.737714345814685597e-03 -1.982481751824817506e-01 5.594198001710385185e-03
1.726620511931117363e+01 3.671458998935036577e-01 7.995366389733329221e-03 -2.894036208732694293e-01 7.900956496030214077e-03
1.772576615843918546e+01 3.335405271009448391e-01 1.101203297772871022e-02 -3.922178020885132010e-01 1.187125170450924021e-02
1.818532122186939404e+01 2.469468390804597790e-01 1.588724920366823071e-02 -4.929956896551724310e-01 1.738955858697733767e-02
