0.000000000000000000e+00 7.804024496937882471e-01 2.569772869300756754e-02 1.990376202974626987e-02 7.523693788859045495e-03
3.737217297911801239e-01 7.835073977371627141e-01 2.569628576351906321e-02 2.284595300261096917e-02 7.623380352811254083e-03
7.474434595823598038e-01 7.429906542056075036e-01 2.274624122494415743e-02 1.947040498442256958e-04 6.916793282378443618e-03
1.121165189373540372e+00 7.240184757505774282e-01 2.220344561515774987e-02 5.003849114703621051e-03 6.729129946821416769e-03
1.557171984298461043e+00 7.472375690607735432e-01 2.313080835327678206e-02 3.847671665351223153e-02 6.757944044045516470e-03
1.868608648955901508e+00 7.182539682539682557e-01 2.176156546637283973e-02 1.511715797430085786e-02 6.418779951598276197e-03
2.304615443880822401e+00 7.317893903404592004e-01 2.283260935360884383e-02 -1.207442596991289453e-02 7.100956419782859796e-03
2.678337173672002969e+00 7.455929487179487891e-01 2.327806056289033823e-02 -1.842948717948715565e-02 7.238703208970819793e-03
2.927488773195701555e+00 7.270179372197309586e-01 2.162197601846156322e-02 -2.597159940209267312e-02 6.688566800801175327e-03
3.363495568120622448e+00 7.681041497152156783e-01 2.397172588786759123e-02 -2.156224572823432425e-02 7.424435697849273222e-03
3.674932232778062691e+00 7.430498773507767662e-01 2.354324282696839549e-02 -3.004905968928862567e-02 7.315297187566085178e-03
3.986363227941133847e+00 7.464788732394367354e-01 2.389602547502293894e-02 -1.864125932062965854e-02 7.336764278279732550e-03
4.297799892598573201e+00 7.883421985815601829e-01 2.604193337857463320e-02 -3.413120567375885900e-02 8.170424169882187226e-03
4.733806687523494539e+00 7.374691865242397615e-01 2.367991723387317601e-02 8.216926869350833773e-03 7.205390762574565011e-03
4.982952617552825814e+00 7.950268817204300120e-01 2.649456269446431173e-02 1.545698924731185586e-02 7.847750518342872655e-03
5.418965081972114461e+00 7.784974093264247497e-01 2.542463655944148318e-02 2.050949913644212544e-02 7.524587532008755741e-03
5.854971876897034910e+00 7.478885135135133755e-01 2.439757029194740759e-02 2.850506756756756785e-02 7.139799577252611655e-03
6.166408541554474709e+00 7.360126083530339480e-01 2.288994911296604595e-02 1.871552403467295969e-02 6.892693172663779191e-03
6.540130271345655721e+00 7.285216718266253055e-01 2.245210523210556045e-02 4.295665634674921546e-02 6.573668179982686266e-03
6.913852001136835845e+00 7.279185867895545670e-01 2.228596686792289408e-02 3.129800307219660072e-02 6.591383065940068647e-03
7.225282996299907445e+00 7.583135391923990776e-01 2.335741900485727510e-02 2.513855898653999041e-02 6.847658216572197198e-03
7.599004726091087569e+00 7.223704268292682196e-01 2.204940476898627905e-02 8.574695121951220189e-03 6.792050927179602189e-03
7.972726455882268581e+00 7.320627802690582442e-01 2.185770283456309193e-02 4.857997010463340447e-03 6.717382059993589130e-03
8.346448185673448705e+00 7.303179409538229638e-01 2.192383307186557273e-02 -2.838758516275548954e-02 6.873294423055412161e-03
8.782460650092737353e+00 7.290236460717010036e-01 2.211577515268507363e-02 -3.432494279176209404e-03 6.777686530405766831e-03
9.218467445017658690e+00 7.117579908675799594e-01 2.176425953224054091e-02 -1.921613394216134182e-02 6.911823987038586380e-03
9.529898440180730290e+00 7.059939301972686376e-01 2.168252449703872431e-02 -9.104704097116852676e-03 6.942824284040211708e-03
9.841335104838170977e+00 7.695312500000002220e-01 2.524276530340745575e-02 -3.428819444444444059e-02 7.951923524932047113e-03
1.027734189976309054e+01 7.385542168674699148e-01 2.318873696948004978e-02 -2.449799196787150538e-02 7.303704546214781143e-03
1.065106362955427066e+01 7.421552436003303610e-01 2.379467567973944306e-02 -2.353426919900906619e-02 7.513803234865046136e-03
1.096250029421171135e+01 7.069767441860463908e-01 2.205491464683385222e-02 -1.337209302325579816e-02 7.045555090015364307e-03
1.146079782376473943e+01 7.605331040412726118e-01 2.497353122717084831e-02 2.214101461736889959e-02 7.324858494469451559e-03
1.177222881892781281e+01 7.514718250630780805e-01 2.422659894885341100e-02 -3.048780487804879716e-02 7.471457117956673867e-03
1.208366548358525350e+01 7.462500000000000799e-01 2.411746967967411462e-02 1.458333333333334744e-02 7.262092804291896478e-03
1.233281141361458388e+01 7.259807846277022136e-01 2.307971197810641459e-02 1.721377101681345265e-02 7.205546481746978420e-03
1.276881820853950344e+01 7.567729083665338807e-01 2.346535851528171526e-02 3.266932270916335368e-02 6.855690127413111533e-03
1.308025487319694236e+01 8.070454545454546214e-01 2.701036076499436361e-02 1.863636363636364535e-02 7.856909653373725377e-03
1.351626166812186369e+01 7.349726775956284541e-01 2.263909224336770054e-02 8.587041373926631097e-03 6.764797678031376181e-03
1.382769833277930260e+01 6.871366279069767158e-01 2.052570150322061485e-02 -1.544331395348838565e-02 6.434484446623406524e-03
1.420142006257048450e+01 7.272042200452147886e-01 2.185708044406745043e-02 -4.144687264506410895e-03 6.675042691166929200e-03
1.457514179236166463e+01 7.431156569630212871e-01 2.286492414379786078e-02 1.494885916601104529e-02 6.537113984944052311e-03
1.494886352215284475e+01 7.516077170418007380e-01 2.345185031599572242e-02 -1.266077170418007311e-02 7.201688907943086526e-03
1.532258525194402665e+01 7.755584192439863855e-01 2.522886472161037230e-02 -2.448453608247420921e-02 7.999283366699624920e-03
1.563402191660146734e+01 7.449310624493106214e-01 2.351157222609867245e-02 -2.128953771289537542e-02 7.410895166198005687e-03
1.607002871152638690e+01 8.018707482993197022e-01 2.539090038597880891e-02 -2.721088435374148864e-02 7.620312029670258183e-03
1.644375044131756880e+01 7.456896551724137012e-01 2.369722013098424923e-02 -1.949917898193763086e-02 7.260933793279075038e-03
1.675518143648063685e+01 7.095879556259905296e-01 2.253534304300935931e-02 2.377179080824088492e-02 6.791652069662619008e-03
1.719119390089992550e+01 7.346563011456628267e-01 2.357907415857126571e-02 1.350245499181666753e-02 7.194112351235746987e-03
