0.000000000000000000e+00 5.855636658556365726e-01 2.053206949552676894e-02 0.000000000000000000e+00 7.578358309420420158e-03
4.122012016660194789e-01 5.594230769230768008e-01 1.943206848528354624e-02 4.961538461538462369e-02 7.134079072013086234e-03
8.244024033320402900e-01 5.731707317073170271e-01 1.949882071650769697e-02 5.811737804878047003e-02 7.152316948516705859e-03
1.099201120028742373e+00 5.871478873239436291e-01 1.842255474242431024e-02 9.595070422535213750e-02 6.576057825615602530e-03
1.580100437558455528e+00 5.937723693629204380e-01 1.875063729338421331e-02 8.375089477451681808e-02 6.671398654899431818e-03
1.992301639224474785e+00 5.647504737839545985e-01 1.640870301528232766e-02 5.527479469361969849e-02 5.861202457866171445e-03
2.404502840890494486e+00 5.512781497261107777e-01 1.576690345246359662e-02 6.132075471698111846e-02 5.715348554483844559e-03
2.748005926692821177e+00 5.579145002888503679e-01 1.507697614136172502e-02 3.119584055459270061e-02 5.493766338743326545e-03
3.228905244222534332e+00 5.564373897707231009e-01 1.526652295082190670e-02 2.954144620811285579e-02 5.539808210221925169e-03
3.641106445888553811e+00 5.557575757575756725e-01 1.563771073560301164e-02 -5.303030303030292075e-03 6.029736581135906708e-03
4.053307647554574622e+00 5.424198250728863302e-01 1.483903201441402406e-02 -3.833819241982507064e-02 5.980820184814021265e-03
4.396810733356901757e+00 5.400366748166258724e-01 1.534671034808316945e-02 -7.380806845965770524e-02 6.614466516453242420e-03
4.877710050886615356e+00 5.505319148936169693e-01 1.575779358850629489e-02 -7.837922403003756699e-02 6.743641878766859499e-03
5.289911252552634835e+00 5.302002583979328332e-01 1.600760154509429239e-02 -6.556847545219636475e-02 6.768478488647563032e-03
5.702112454218654314e+00 5.534420289855070951e-01 1.806883512549475185e-02 -7.898550724637680431e-02 7.797751989517941011e-03
6.045615540020981449e+00 5.679086538461537437e-01 2.008215302549289788e-02 -4.807692307692307265e-02 8.215959311045089100e-03
6.526514857550694160e+00 5.868749999999999245e-01 2.114548183205391257e-02 -2.312499999999997197e-02 8.354835540555074352e-03
6.870017943353021295e+00 5.852090032154340093e-01 2.055595527682661447e-02 8.440514469453366461e-03 7.910499869450608387e-03
7.350917260882733117e+00 5.633307271305707520e-01 1.979906886679293210e-02 4.593432369038312479e-02 7.373931778802651077e-03
7.625715977579436533e+00 5.512177650429799236e-01 1.818164709744593890e-02 7.109598853868195900e-02 6.606444121540358018e-03
8.037917179245457788e+00 5.391728312037659121e-01 1.703991040855096575e-02 7.515131136516474408e-02 6.141398286457724030e-03
8.518822750017100986e+00 5.283018867924527129e-01 1.596541326348583853e-02 7.232704402515721664e-02 5.834756647558322906e-03
8.931023951683121354e+00 5.499999999999999334e-01 1.597475219477111769e-02 6.331269349845200511e-02 5.755890840708566616e-03
9.274520784243515337e+00 5.645896656534954428e-01 1.574236468834910863e-02 1.413373860182371398e-02 5.688963145292487249e-03
9.755420101773228936e+00 5.714936247723132468e-01 1.569897129422300266e-02 -2.276867030965391836e-02 5.880140954024806917e-03
1.009892318757555607e+01 5.542840375586853829e-01 1.512527032991985328e-02 -1.789906103286386524e-02 5.866223759440733661e-03
1.044242627337788321e+01 5.519845971563981379e-01 1.509137144044244566e-02 -4.902251184834125614e-02 6.070298281216312403e-03
1.085462747504390357e+01 5.726997985224984156e-01 1.695096919392519857e-02 -9.553391537944930234e-02 7.245792544545146853e-03
1.126682867670992394e+01 5.923709798055347697e-01 1.901519991397191203e-02 -8.395661929693343239e-02 7.928254981942306143e-03
1.167902987837594253e+01 5.442779291553132559e-01 1.709460576215009533e-02 -5.074931880108990434e-02 7.153588364359753961e-03
1.209123108004196290e+01 5.815809968847351907e-01 1.984618843353863279e-02 -3.757788161993767806e-02 8.067916837934311844e-03
1.250343228170798326e+01 6.387081784386617889e-01 2.425747935688641471e-02 4.042750929368027490e-02 9.049825717444687917e-03
1.291563348337400363e+01 5.987061769616026652e-01 2.135161098626637069e-02 3.443238731218697946e-02 7.695002971982093168e-03
1.325913031593439761e+01 5.369843527738263900e-01 1.794093290318713591e-02 3.982930298719773721e-02 6.894986473870513659e-03
1.367133151760041798e+01 5.225752508361203308e-01 1.693608519195514972e-02 9.364548494983279681e-02 6.463088228011484339e-03
1.408353271926643657e+01 5.249549007817198021e-01 1.526916981994465815e-02 8.914612146722790398e-02 5.394034515715591567e-03
1.456443829003808155e+01 5.797270306258321959e-01 1.738671033416287412e-02 7.739680426098534405e-02 6.097327842580544006e-03
1.490793512259847908e+01 5.233451536643025648e-01 1.504464674688581714e-02 4.476950354609929988e-02 5.646181561006281477e-03
1.525143820840080622e+01 5.257592190889370798e-01 1.389333003992901383e-02 1.721800433839479685e-02 5.257344574300769867e-03
1.566363941006682481e+01 5.858298382264828241e-01 1.574631730145877040e-02 -3.894547633313360374e-02 6.182372391898579775e-03
1.607584061173284340e+01 5.687011425135297671e-01 1.557616829027866530e-02 -1.578472639807576919e-02 5.839007990438712173e-03
1.655673992926255877e+01 5.296957284961966161e-01 1.470148011483969445e-02 -5.368636629607958372e-02 6.155794642421859655e-03
1.690024301506488769e+01 5.309802712700368854e-01 1.543071442165312203e-02 -7.799013563501849822e-02 6.896125328926432443e-03
1.731244421673090628e+01 5.449037776193870197e-01 1.761669145876986267e-02 -8.606557377049181556e-02 7.633669415588991217e-03
1.772464541839692487e+01 5.749821045096634720e-01 1.809982661846529922e-02 -7.695060844667141187e-02 7.582610989357261091e-03
1.820554473592663669e+01 5.567924528301886333e-01 1.880307545609499753e-02 -7.716981132075471927e-02 8.082984098987892191e-03
1.854904782172896560e+01 5.254110612855007467e-01 1.828021245336481845e-02 -5.792227204783259586e-02 7.689852103913562276e-03
1.896124277015304926e+01 5.975969645868465241e-01 2.144367708145768908e-02 3.583473861720088728e-03 7.896267756465274318e-03
