0.000000000000000000e+00 3.436877903118779609e-01 4.629516064762521053e-03 2.857498341074981782e-02 2.492446042737907121e-03
4.666089442373881901e-01 3.344359907376777685e-01 4.435542600966999038e-03 -4.763479986768109908e-02 2.863743672715799056e-03
7.332478273053193440e-01 3.207150368033648835e-01 4.454898046593715535e-03 -1.182527164388363222e-01 3.523015465110890341e-03
1.066537330008741513e+00 3.013718910382945371e-01 4.830346231370557381e-03 -1.920153967627319103e-01 4.643629078355948278e-03
1.533152341667124663e+00 2.596518237801989093e-01 5.599461040450429486e-03 -2.655139744197063112e-01 6.150886414359116837e-03
1.933098531427031919e+00 1.856934306569343884e-01 6.984305472894347493e-03 -3.291240875912408992e-01 7.989977886306360438e-03
2.333050788607934578e+00 1.001004016064257485e-01 1.006332688885092780e-02 -3.962851405622490053e-01 1.098126926988833053e-02
2.733003045788836793e+00 -2.468354430379737785e-02 1.398963447877803364e-02 -3.326582278481013399e-01 1.171341224649439898e-02
2.999641928856768835e+00 -1.275906735751295429e-01 1.936664267658015637e-02 -1.343911917098445097e-01 1.106283542328401030e-02
3.399594186037671495e+00 -1.322381262199088248e-01 2.001644705082519099e-02 1.193884189980480848e-01 9.994355234366073329e-03
3.799546443218574598e+00 -3.567367822626477114e-02 1.718365007588145213e-02 3.466458214894826972e-01 1.089087141625807650e-02
4.199498700399476370e+00 1.095159967186217775e-01 1.207304839516796027e-02 3.819729286300246329e-01 8.978462016314456284e-03
4.532788203102898095e+00 2.112323113207548175e-01 8.611432881226736141e-03 3.415389150943396457e-01 6.540379902863147771e-03
4.866083773227315667e+00 2.662899735513344357e-01 6.990596569999115578e-03 2.751863428708825055e-01 4.874600191410449757e-03
5.332692717464703414e+00 3.111685940353012825e-01 5.878095190214250448e-03 2.021201054980726330e-01 3.579567048896926083e-03
5.732644974645606517e+00 3.254824561403508731e-01 5.017402239304245490e-03 1.200438596491228138e-01 2.686646131341870972e-03
6.132597231826508732e+00 3.370831984460990749e-01 4.513676551238686094e-03 3.674328261573326510e-02 2.402699639534738862e-03
6.465892801950926305e+00 3.382665576451349132e-01 4.404811192786087237e-03 -2.882256745707275150e-02 2.662200720332551836e-03
6.865845059131828521e+00 3.343053621169916889e-01 4.467742626150429490e-03 -1.060672005571030863e-01 3.360902463220751066e-03
7.265797316312731624e+00 3.107729468599034206e-01 4.723395079919013272e-03 -1.854106280193236755e-01 4.466032416415751695e-03
7.732406260550118482e+00 2.676744186046511875e-01 5.514219074032875208e-03 -2.672093023255813771e-01 6.122724026634939441e-03
8.065701830674536055e+00 2.164881297046901687e-01 6.873824020735421793e-03 -3.293283149971048540e-01 7.964669994762743274e-03
8.398991333377958668e+00 1.263041733547350942e-01 1.000501349480968118e-02 -3.812199036918138551e-01 1.077624479622939051e-02
8.798943590558859995e+00 -1.906552094522018237e-02 1.488567698776760775e-02 -3.265306122448979331e-01 1.226993633854542472e-02
9.198895847739763099e+00 -1.422250316055625463e-01 1.922232161334874387e-02 -1.248419721871049798e-01 1.082750094851027585e-02
9.665504791977150845e+00 -1.364217252396165980e-01 1.987198399699621407e-02 1.421725239616613845e-01 1.005265128648590890e-02
1.013211980363553444e+01 -1.337448559670773029e-02 1.564367765124155887e-02 3.544238683127572398e-01 1.028739767978808194e-02
1.046540930633895528e+01 1.152023332118118915e-01 1.077758780715364940e-02 3.583667517316806439e-01 7.892203577706854989e-03
1.079870487646337374e+01 2.069800569800568923e-01 8.277118261501494045e-03 3.153133903133902849e-01 6.029179988477596612e-03
1.119865713364427506e+01 2.639272559852670064e-01 6.633440575634022215e-03 2.483310313075506315e-01 4.402226928845923322e-03
1.159860939082517817e+01 3.073551829268292290e-01 5.481429402305289245e-03 1.728277439024390183e-01 3.178538511293123141e-03
1.206521833506256769e+01 3.291335864687607859e-01 4.894697828858202496e-03 9.289782533655503716e-02 2.568321011548825410e-03
1.246517059224346902e+01 3.379514062239973304e-01 4.622702715304500762e-03 2.912298219337661198e-02 2.493322300979760285e-03
1.286512284942437212e+01 3.406037414965986665e-01 4.573357067872557517e-03 -3.988095238095239886e-02 2.850109192041420068e-03
1.326507510660527345e+01 3.286073223259153298e-01 4.595960170766668663e-03 -1.210516870064608924e-01 3.632411434485966623e-03
1.366502736378617477e+01 2.986621732026143450e-01 4.965246954602036723e-03 -1.999591503267973969e-01 4.824262561367143043e-03
1.399832293391059324e+01 2.610451306413301698e-01 5.582332318964256662e-03 -2.714964370546318340e-01 6.220752182581160659e-03
1.446493187814798276e+01 2.024368761009981976e-01 7.028506780573067457e-03 -3.101879036993541172e-01 7.741310036542773526e-03
1.479822744827239944e+01 9.784313725490190183e-02 1.000700917559976810e-02 -3.421568627450979894e-01 9.973296624418946654e-03
1.526483639250978719e+01 -2.928647497337588668e-02 1.481813698638715336e-02 -2.983226837060702352e-01 1.158236055411103818e-02
1.559813196263420387e+01 -1.524008350730688965e-01 2.105584097279145431e-02 -1.177800974251914240e-01 1.170797892023455258e-02
1.599808421981510875e+01 -8.010882708585254086e-02 1.842082679473309656e-02 1.769951632406287778e-01 9.836340085530559038e-03
1.639803647699601186e+01 2.473583093179643200e-02 1.434472754493059006e-02 3.168828049951968873e-01 9.219380441406384644e-03
1.673132597969943092e+01 1.370056497175141663e-01 1.106167498328000827e-02 3.755178907721280490e-01 8.352469008944297946e-03
1.713127823688033402e+01 2.136286442117180662e-01 8.220141012677081860e-03 3.248655533540900087e-01 6.088289419535232276e-03
1.753123049406123712e+01 2.658400699147913659e-01 6.336116131278521184e-03 2.398951278129779485e-01 4.184290439007528478e-03
1.793118275124213667e+01 3.052129504721526332e-01 5.566917689114871289e-03 1.746001156292156242e-01 3.272263133805533141e-03
1.833113500842303978e+01 3.274803954994885968e-01 4.863259169868105677e-03 1.027531537674735845e-01 2.573376842954505292e-03
