0.000000000000000000e+00 1.160454280722189591e-01 1.483502635616293017e-02 -2.200058241118229008e-01 1.063669550514180148e-02
4.015077635029924430e-01 3.671215074723843674e-02 1.751841266314813073e-02 -8.252111760883686087e-02 1.000534118900454385e-02
8.030155270059844419e-01 1.008064516129031363e-01 1.662911224148265130e-02 1.161600496277915701e-01 8.676572817258379478e-03
1.204523290508977107e+00 1.385286783042394276e-01 1.379461628989124382e-02 2.745635910224439313e-01 8.516634929954577243e-03
1.539115123767667903e+00 2.188501602564102977e-01 1.098468559973552437e-02 2.884615384615384359e-01 7.110727079394644351e-03
1.940622887270660346e+00 2.556125721616421820e-01 8.876635762327007850e-03 2.665169980756895152e-01 5.716198365150866600e-03
2.342130650773652789e+00 3.147125460209572734e-01 7.924259815647987856e-03 2.326536391956952887e-01 4.838388141379885120e-03
2.676716393013752082e+00 3.314227916385704131e-01 6.275191196935109121e-03 1.462126320521465461e-01 3.337081810140174118e-03
3.078224156516744969e+00 3.576245377420056992e-01 6.036534755511858454e-03 8.597998694800958186e-02 2.998358381599560557e-03
3.546653941282630118e+00 3.608883405305366998e-01 5.528215760050580151e-03 4.986633765165537566e-03 2.871497874914582388e-03
3.948161704785622117e+00 3.563699469171089929e-01 5.294701578427558203e-03 -5.354226214781543369e-02 3.127984230102133847e-03
4.282747447025721854e+00 3.417625352724115162e-01 5.427794996942756321e-03 -1.333297156500976854e-01 4.118215576569649386e-03
4.751177231791607447e+00 3.235835172921265879e-01 5.928435311271602372e-03 -1.836521952415991754e-01 5.055485040796803622e-03
5.085762974031706740e+00 2.949455676516329339e-01 7.374923891665451786e-03 -2.615863141524105706e-01 7.119611815800785080e-03
5.487270737534698739e+00 2.666196615632553946e-01 9.682187485433677715e-03 -3.083199033037872794e-01 9.380470665274070335e-03
5.955694431281993495e+00 1.554969879518072196e-01 1.241369225702197016e-02 -3.137550200803212452e-01 1.104456903682257511e-02
6.424124216047879088e+00 1.093945068664170517e-01 1.614376173742248718e-02 -1.988139825218477041e-01 1.113379051098382574e-02
6.758709958287977493e+00 5.537024683122082624e-02 1.818607647975408956e-02 6.254169446297531965e-02 9.593442070591961732e-03
7.160217721790969492e+00 8.641807294501901993e-02 1.494746519816112645e-02 1.909363091997822448e-01 8.112619827014295321e-03
7.561725485293962379e+00 1.419079259610821486e-01 1.319755420734829501e-02 3.077835785476981667e-01 8.544239352047814859e-03
7.896317318552653397e+00 2.160185515519086885e-01 9.896003321105647718e-03 2.912058508740634211e-01 6.557234609999875591e-03
8.364741012299948153e+00 2.834958217270194258e-01 7.697568215539612319e-03 2.272284122562673592e-01 4.653137079214690261e-03
8.766248775802939264e+00 3.281209781209781240e-01 7.205872816624136687e-03 1.886100386100386106e-01 4.094335281141598011e-03
9.234678560568825745e+00 3.428914086349760248e-01 6.085097706260924992e-03 1.269079808111644170e-01 3.126241464753207362e-03
9.569264302808925038e+00 3.575611259502773920e-01 5.650982454509483575e-03 5.172590918430244183e-02 2.818768577452036416e-03
1.003768799655621891e+01 3.653401931961360871e-01 5.671735823601517512e-03 -1.700965980680388401e-02 3.155201972906674767e-03
1.043920185107780441e+01 3.474727348993288945e-01 5.462542318273359843e-03 -6.019295302013422805e-02 3.382390988359976636e-03
1.084070352356220290e+01 3.395715896279594137e-01 5.687853014348535907e-03 -1.333709131905298773e-01 4.310804440762834762e-03
1.124221128706519579e+01 3.085958005249343494e-01 6.376421580820651296e-03 -1.984908136482939345e-01 5.594284718231345641e-03
1.157680312032388592e+01 2.581139007960808751e-01 7.264007833739796229e-03 -2.412737293325168397e-01 6.762104520687898732e-03
1.197831088382687881e+01 2.327365728900256392e-01 8.697576236621316556e-03 -2.837047862623310324e-01 8.317914507269687230e-03
1.237981864732987347e+01 1.497747747747747438e-01 1.114739835206418270e-02 -2.685810810810811411e-01 9.420005340105707878e-03
1.278132641083286458e+01 9.106948968512484921e-02 1.404210339188368371e-02 -1.685667752442996936e-01 9.252461069319373177e-03
1.311591824409155471e+01 8.447204968944099779e-02 1.619440243098650700e-02 -7.562111801242230036e-02 9.071978143601838393e-03
1.345050398633165400e+01 8.874849578820698248e-02 1.627362966819545162e-02 1.329723225030084444e-01 8.518661135335153095e-03
1.385201174983464512e+01 1.598780487804878359e-01 1.333200744388155813e-02 2.528048780487804903e-01 8.011979847110264549e-03
1.432044153460053160e+01 2.389018691588785659e-01 1.067018196780163825e-02 2.700545171339563955e-01 6.771758794679681552e-03
1.465502727684063267e+01 2.886829794890248269e-01 1.004481066529379872e-02 3.057754587981288408e-01 6.831854437366032332e-03
1.505653504034362378e+01 3.162109914388290255e-01 7.658335474567114394e-03 2.068489367578017213e-01 4.442809415713063620e-03
1.539112687360231568e+01 3.359538784067086503e-01 6.508054097315879409e-03 1.479152108082925909e-01 3.471088074982469664e-03
1.579263463710530679e+01 3.504116117850952783e-01 5.968275664968706283e-03 7.793544194107451806e-02 2.974629036992250744e-03
1.619414240060829968e+01 3.541125973248153147e-01 5.441516010827961332e-03 4.227390696745855769e-02 2.698023501759161478e-03
1.652872814284840075e+01 3.591670244740232110e-01 5.644960951232910230e-03 -4.503005581794761875e-02 3.296350049305745659e-03
1.686331997610708910e+01 3.396514161220043904e-01 5.508705259959632838e-03 -1.114379084967320049e-01 3.929506552175173785e-03
1.726482773961008377e+01 3.203768405290741694e-01 6.057547531959956051e-03 -1.808709757923633865e-01 5.112005072864501953e-03
1.753249755160587853e+01 3.132239382239382364e-01 6.599770147130233806e-03 -2.392443463872035436e-01 6.292557454222348808e-03
1.793400531510887319e+01 2.567397555715312252e-01 8.528043030021532911e-03 -2.737239396117900903e-01 8.034136668588124849e-03
1.833551307861186785e+01 1.835781041388518942e-01 1.087592662869378037e-02 -2.876056964842011454e-01 9.676274638794757008e-03
