0.000000000000000000e+00 3.325444752733801579e-01 4.319138073682459583e-03 1.742288232413905999e-02 2.424865276298521829e-03
4.672620789465331548e-01 3.283472290338401156e-01 4.095700695867058282e-03 -7.385156122282163227e-02 2.940006391082507307e-03
8.677741683046638066e-01 3.071644983068971824e-01 4.204845691759185981e-03 -1.539832471930137336e-01 3.881602211032522676e-03
1.134780202572132080e+00 2.762935586061245896e-01 4.755476957772600613e-03 -2.437697993664202645e-01 5.428462507882685778e-03
1.602048357432518833e+00 2.374013743955205036e-01 5.663010755325434582e-03 -3.069483329091371449e-01 6.984724025486040676e-03
2.002560446790649706e+00 1.320571630204657732e-01 8.185319621018977490e-03 -4.186661961891319228e-01 1.046187192537649177e-02
2.336316470646521370e+00 -1.895261845386531085e-02 1.306999839060044369e-02 -4.428927680798004918e-01 1.360395438710889846e-02
2.670078570416247299e+00 -2.260674931129477150e-01 2.071797347084680316e-02 -3.665633608815427880e-01 1.526132336633446822e-02
3.070590659774377951e+00 -2.916346891788179629e-01 2.465829270703223663e-02 -2.609363008442056042e-02 1.204813198777351588e-02
3.471102749132507270e+00 -2.629467541940190278e-01 2.378421820812478757e-02 3.280452224653537252e-01 1.314253585441607121e-02
3.871614838490636590e+00 -3.011170471102475599e-02 1.465083653586658416e-02 4.082078678970373908e-01 1.051132089802852068e-02
4.272126927848767686e+00 1.127206446661550010e-01 1.103464680044108186e-02 4.206638526477359807e-01 9.014816004478076045e-03
4.605882951704639794e+00 2.088056947007645991e-01 7.487484405122676705e-03 3.223701555496967797e-01 5.749700277865616750e-03
5.006395041062770446e+00 2.753615368012087283e-01 6.054834770068611566e-03 2.462767105547161439e-01 4.133203372943021307e-03
5.473663195923156977e+00 3.105086640581330437e-01 5.177280776212069696e-03 1.570709893795416146e-01 3.010720664540453197e-03
5.807419219779029973e+00 3.293215692992976229e-01 4.622810453060327736e-03 7.915024841528182920e-02 2.419463465749862024e-03
6.207931309137159737e+00 3.307636422344203964e-01 4.224387446495722793e-03 -3.753632547626745836e-03 2.486223428655575957e-03
6.608443398495288612e+00 3.314237573715248519e-01 4.230073809667757312e-03 -7.523167649536646739e-02 3.028891181572938244e-03
7.075711553355676031e+00 3.073098876818265435e-01 4.325641009385153106e-03 -1.578898913643896340e-01 3.995318222702570234e-03
7.342717587623144304e+00 2.891782667265379581e-01 5.060171447727516980e-03 -2.484845083071396399e-01 5.679101352531718862e-03
7.743229676981274956e+00 2.169594594594594916e-01 5.981018832378902188e-03 -3.399324324324324298e-01 7.714192553739146474e-03
8.210491755927808555e+00 1.332982086406744315e-01 8.126920838921755999e-03 -4.037583421145065077e-01 1.015011070548577782e-02
8.611003845285939207e+00 -1.626226122870411128e-02 1.332641567127396294e-02 -4.614093959731543348e-01 1.415558874854120144e-02
9.078265924232473694e+00 -1.991134751773049327e-01 2.081458922171183085e-02 -3.246453900709219687e-01 1.465498504753951457e-02
9.345278034413793122e+00 -3.712381771281169085e-01 2.814968449537323669e-02 -7.330180567497845967e-02 1.325107642272103925e-02
9.812540113360327609e+00 -2.419596110695586555e-01 2.384738415277675577e-02 3.053477935676888744e-01 1.301067999289860083e-02
1.021305220271845826e+01 -3.650323275862066286e-02 1.614726700090187567e-02 4.563577586206896686e-01 1.213896822371539515e-02
1.061356429207658891e+01 1.403926801372474831e-01 1.092345335191234959e-02 4.396683187190240649e-01 9.300860560395635482e-03
1.101407638143471779e+01 2.205269425424233876e-01 8.410137512308126298e-03 3.684876451324799462e-01 6.845871963196588361e-03
1.134783848120444283e+01 2.755022321428571841e-01 6.277497030691489219e-03 2.602120535714285698e-01 4.390601177461045911e-03
1.181510056015097732e+01 3.141784037558685849e-01 5.209348610794944934e-03 1.641784037558685350e-01 3.025357180434045095e-03
1.214886265992070413e+01 3.286153079860534287e-01 4.533185478051818956e-03 8.720737174165697769e-02 2.404534721493529256e-03
1.248261868377657713e+01 3.375449787373241972e-01 4.316094953499586932e-03 1.737814851161269616e-02 2.380241732685022850e-03
1.288313077313470600e+01 3.319583333333333552e-01 4.157040582008187171e-03 -7.412500000000001033e-02 2.948479333816746324e-03
1.328364286249283488e+01 3.176256304875770820e-01 4.417226108142940574e-03 -1.578087053988417865e-01 4.033223412105895259e-03
1.368415495185096553e+01 2.860393734123624077e-01 4.754429378438406600e-03 -2.465071972904318565e-01 5.452667069611602524e-03
1.408466704120909441e+01 2.463662790697674354e-01 5.868429101763932010e-03 -3.193049682875264694e-01 7.323325538052431923e-03
1.448517913056722684e+01 1.411514253980007405e-01 8.536979640985311799e-03 -4.269714920399851343e-01 1.090401260034076780e-02
1.488569121992535571e+01 -9.635149023638267529e-03 1.330620897060702350e-02 -4.280575539568345911e-01 1.350947376549773045e-02
1.528620330928348459e+01 -2.479853479853479925e-01 2.230381893501080792e-02 -3.512820512820513108e-01 1.577542591805953728e-02
1.582022145373227495e+01 -2.983996877439498707e-01 2.489649449787835131e-02 -5.503512880562063531e-02 1.210319455581671151e-02
1.615397747758814972e+01 -2.359408795962507632e-01 2.314545889262340991e-02 3.496755587599134074e-01 1.326300759159850830e-02
1.648773957735787477e+01 -3.463631865413097088e-03 1.471283880361472403e-02 4.348095002474023363e-01 1.110518075796029444e-02
1.682149560121374776e+01 1.234853884533144153e-01 1.031177613102315753e-02 4.191019244476122951e-01 8.569243817028584370e-03
1.728876375607413607e+01 2.157338663620788077e-01 8.076854696710001821e-03 3.459451741861792606e-01 6.379847617258078973e-03
1.768927584543226317e+01 2.824822236586942426e-01 6.095231434958441226e-03 2.547942253824607151e-01 4.244182364612735826e-03
1.802303186928813616e+01 3.121681010803882272e-01 5.129860339563645406e-03 1.643471891594946166e-01 3.030091404179654536e-03
1.849030002414852092e+01 3.298731257208766254e-01 4.505404342411984363e-03 7.946119624320317765e-02 2.408686105299419084e-03
