0.000000000000000000e+00 6.027070063694266455e-01 2.049964748399262307e-02 -9.355095541401294360e-03 7.759570738974442758e-03
4.239286025144357595e-01 5.720687079910380390e-01 1.900216701510316561e-02 2.837938760268859245e-02 6.898684230156522726e-03
9.185098283976582678e-01 5.847457627118644030e-01 1.967594162551461467e-02 3.697996918335900302e-02 6.969499426850473030e-03
1.342438430912094249e+00 5.780060882800608368e-01 1.955683212003420449e-02 8.504566210045662322e-02 7.050008833417930124e-03
1.695707978906883850e+00 5.559143439836844447e-01 1.728641067636532691e-02 4.265805574439157644e-02 6.124960217338422906e-03
2.119636581421319832e+00 5.783333333333332549e-01 1.725323372803121494e-02 2.566666666666666402e-02 6.134625467755112742e-03
2.402259937198185646e+00 5.957230142566191100e-01 1.770153032101740020e-02 2.155465037338764878e-02 6.140429523486672612e-03
2.755529485192975248e+00 5.642985611510790145e-01 1.541313763339036136e-02 -1.648681055155877409e-03 5.433174237052927451e-03
3.250117142227058942e+00 5.920703384207033348e-01 1.727704592168488942e-02 -1.360318513603185619e-02 6.372219803404698818e-03
3.603386690221848543e+00 5.813797722705960069e-01 1.714050408659669941e-02 -4.705291359678499818e-02 6.598575565164621452e-03
4.097974347255932237e+00 6.043859649122806932e-01 1.813345978285037588e-02 -5.070175438596490752e-02 6.865930690709065587e-03
4.521902949770367997e+00 6.344973138910208199e-01 2.010203412798871464e-02 -7.847275518035302933e-02 8.131953210053432038e-03
4.875172497765157154e+00 5.824334053275738166e-01 1.826655945346017038e-02 -5.381569474442046003e-02 7.134706351790672321e-03
5.299101100279593801e+00 6.228465955701394385e-01 2.115206792667164576e-02 -4.163248564397046408e-02 8.013609434468207601e-03
5.723029702794030449e+00 6.395692567567566877e-01 2.199295489336985931e-02 -1.836993243243242174e-02 7.988545457670494926e-03
6.146958305308467096e+00 5.776409849086576731e-01 2.007469119032858490e-02 2.362986497220016802e-02 7.198680696759027046e-03
6.570886907822902856e+00 6.247930463576158999e-01 2.150327103610237892e-02 1.158940397350993745e-02 7.720219786054352204e-03
7.136127188225771967e+00 6.036821705426356210e-01 1.998275337013680902e-02 3.779069767441860239e-02 6.847633798874447168e-03
7.489396736220561124e+00 6.036995515695067205e-01 1.950212009108606356e-02 7.399103139013450681e-02 6.739942971792419607e-03
7.842672715366211911e+00 6.042545710267229753e-01 1.843251251371787192e-02 4.254571026722923921e-02 6.339322735190147141e-03
8.478565619137867770e+00 5.837370242214533489e-01 1.786881068757424293e-02 4.290657439446366600e-02 6.118218812329809242e-03
8.761182543763871067e+00 6.211103253182460593e-01 1.872851436433129943e-02 3.164780763790665807e-02 6.405701496746559441e-03
9.114458522909520966e+00 5.876582278481012889e-01 1.658470202307247773e-02 2.056962025316453474e-02 5.810854338547666309e-03
9.679692372161529335e+00 5.929380413057960819e-01 1.740122787193891865e-02 5.496335776149240994e-03 6.282317433899340872e-03
1.003296835130717923e+01 6.122939560439559781e-01 1.795162769874943803e-02 -3.571428571428569843e-02 6.593751524042715598e-03
1.045689695382161766e+01 5.951327433628318397e-01 1.752373971757641147e-02 -4.203539823008849846e-02 6.492753853626445984e-03
1.088082555633605253e+01 5.871934604904631705e-01 1.733679013153410428e-02 -8.906675749318800073e-02 7.157306039409861223e-03
1.130475415885048918e+01 5.757731958762886126e-01 1.747656990234957089e-02 -4.501718213058419904e-02 6.760634575644676632e-03
1.179933538473371080e+01 6.285367825383993967e-01 2.090753021815135171e-02 -4.567502021018592095e-02 7.820298002554184127e-03
1.222326398724814744e+01 6.578834618680375890e-01 2.254089815482922601e-02 -2.999143101970868502e-02 8.257500873801120952e-03
1.250588734302501237e+01 6.610690633869440447e-01 2.462718417781310093e-02 -2.838221381267738708e-02 9.104035546596523157e-03
1.292981594553945079e+01 6.166263115415657747e-01 2.088805603572484876e-02 -7.869249394673106732e-03 7.699868916175883760e-03
1.335374454805388567e+01 6.284552845528454945e-01 2.122474369301061842e-02 4.329268292682927899e-02 7.254376164643042135e-03
1.377767315056832231e+01 5.978179082016553680e-01 1.962359591613870025e-02 9.537246049661399216e-02 6.938263502040744116e-03
1.420159532193189733e+01 5.931008902077150591e-01 1.918676673143822689e-02 8.735163204747772858e-02 6.482005275212472488e-03
1.462553035559719383e+01 5.789194915254236573e-01 1.822535779728928426e-02 5.826271186440677707e-02 6.404560279090143471e-03
1.497879990359198565e+01 6.087931034482757520e-01 1.822095998218854068e-02 5.448275862068964470e-02 6.213756283370356660e-03
1.540272850610642053e+01 5.712365591397848830e-01 1.565817260033377373e-02 3.942652329749105761e-02 5.528984470509036055e-03
1.575600448525207220e+01 6.199280104712041606e-01 1.759244361144958815e-02 3.795811518324607864e-02 6.085035129586136883e-03
1.610927403324685869e+01 5.812619502868068277e-01 1.669985251439486465e-02 2.836201402166983743e-02 6.038423684320853684e-03
1.660386169028094372e+01 5.876455368693402903e-01 1.693999602934999349e-02 1.099611901681758937e-02 6.163990672947799315e-03
1.702779029279538392e+01 5.621468926553672141e-01 1.605626350949753561e-02 -5.116133082234777113e-02 6.547688209371045967e-03
1.752237151867860376e+01 5.617088607594936667e-01 1.611538462664846225e-02 -3.908227848101263058e-02 6.262731966746679785e-03
1.794630012119304041e+01 5.483061480552069433e-01 1.578271294395359667e-02 -5.457967377666245873e-02 6.361086923468593432e-03
1.829957610033869031e+01 5.576416337285902136e-01 1.662532749338870713e-02 -4.776021080368905020e-02 6.590500530321981645e-03
1.872350470285312696e+01 5.548961424332343739e-01 1.852743603454784158e-02 -4.710682492581604042e-02 7.512525362956373222e-03
1.914742687421669842e+01 5.993364558938329978e-01 1.993619567548636853e-02 -5.503512880562059367e-02 7.908388304278268083e-03
1.957136190788199670e+01 6.081081081081080031e-01 2.093597057873234843e-02 -5.733005733005733934e-02 8.337657783750710219e-03
