0.000000000000000000e+00 7.264537264537263006e-01 2.351227050734133739e-02 3.071253071253070982e-02 7.176275664703166829e-03
3.272107971905495738e-01 7.137389202256244625e-01 2.303249791080191899e-02 5.962933118452860837e-02 6.933528389473831224e-03
7.198685192274068001e-01 7.088728103579589046e-01 2.185377307452433457e-02 3.255902513328253617e-02 6.621204309287725097e-03
9.816383483318955605e-01 6.897769516728624595e-01 2.113167022699043510e-02 3.977695167286245115e-02 6.414791596798595334e-03
1.439742995215062438e+00 7.069852941176471006e-01 2.117185994913365482e-02 1.985294117647055587e-02 6.445830368306592305e-03
1.832400717251919664e+00 7.078014184397163344e-01 2.061483660269822216e-02 2.783687943262411896e-02 6.289908449354228610e-03
2.290499407374837926e+00 7.118924889543446488e-01 2.129100256770101104e-02 6.443298969072151598e-03 6.673009387431485910e-03
2.617716161325635671e+00 7.129832239241429281e-01 2.108636275598943163e-02 -1.221735959153902665e-02 6.695633512229753719e-03
3.010373883362492897e+00 7.155756207674943692e-01 2.165585732174714687e-02 -2.031602708803612739e-02 6.959552281183753290e-03
3.403031605399350568e+00 6.890200286123033813e-01 2.034086305853835194e-02 -3.129470672389128572e-02 6.766905886433163993e-03
3.795689327436208682e+00 6.919510385756676429e-01 2.098623034893194392e-02 -2.930267062314539581e-02 6.880836953379402751e-03
4.122900124626757368e+00 7.098982785602503398e-01 2.221526722843067056e-02 -3.736306729264476240e-02 7.318172594830809133e-03
4.581004771509923579e+00 7.164536741214058146e-01 2.280255541040321701e-02 -7.787539936102219618e-03 7.282769701121839107e-03
4.908215568700473597e+00 7.127530364372469673e-01 2.301327767651903389e-02 -1.963562753036438013e-02 7.589388805930339689e-03
5.300873290737331267e+00 7.370833333333333126e-01 2.389230333318273850e-02 -2.979166666666666075e-02 7.697178960291832864e-03
5.693531012774188937e+00 7.425847457627117176e-01 2.448206496472904448e-02 2.161016949152541264e-02 7.600048917748131704e-03
6.086188734811046608e+00 7.087209302325581106e-01 2.216190961187783359e-02 1.744186046511627883e-02 6.874463092504517862e-03
6.544287424933965092e+00 6.915833973866256645e-01 2.175826430770361891e-02 2.594158339738662430e-02 6.791182496934207967e-03
6.936945146970822762e+00 7.371369294605808475e-01 2.398414732139463393e-02 4.087136929460583046e-02 7.282738799513164413e-03
7.329602869007679544e+00 6.880434782608695343e-01 2.065754166968697750e-02 3.514492753623185695e-02 6.294533798223767192e-03
7.722260591044538103e+00 7.052906110283159169e-01 2.145960193461265292e-02 2.552160953800299698e-02 6.727038773398056823e-03
8.114918313081396661e+00 6.990875912408759385e-01 2.097097111615381718e-02 1.697080291970803900e-02 6.597953560900280366e-03
8.507576035118253444e+00 6.966714387974229927e-01 2.048902169572549767e-02 9.305654974946318131e-03 6.217068422170055064e-03
8.965680682001419655e+00 7.077874818049489924e-01 2.097422469703957848e-02 -1.655749636098980196e-02 6.773905130755647833e-03
9.292891479191968784e+00 6.715136650315347566e-01 1.972349982972960297e-02 -2.032235459004905556e-02 6.440398565582775015e-03
9.685549201228827343e+00 6.795193687230990376e-01 2.021441024223936955e-02 -3.084648493543759237e-02 6.689220512301806941e-03
1.007820692326568413e+01 7.454256165473349682e-01 2.322666064554435722e-02 -1.730310262529836246e-02 7.449667527299419501e-03
1.053630561338860261e+01 6.991854150504267507e-01 2.193273103300572360e-02 -2.695888285492629641e-02 7.228305778767705678e-03
1.086352236733939947e+01 7.300163132137029720e-01 2.336037962818784605e-02 -4.384176182707996000e-02 7.804129362323769872e-03
1.119073912129019632e+01 7.353923205342236535e-01 2.391388400430107322e-02 -3.547579298831388811e-02 7.858510242653124131e-03
1.164883781141311481e+01 6.887404580152671763e-01 2.146726642842050961e-02 -5.725190839694656482e-03 6.767916671564903203e-03
1.210693650153603329e+01 7.200404858299596089e-01 2.315557308404659481e-02 7.692307692307686663e-03 7.271037611739903685e-03
1.236871228740077200e+01 7.180280528052804812e-01 2.351378627883499856e-02 2.660891089108909091e-02 7.262748057801320448e-03
1.276137000943762878e+01 7.201797385620913872e-01 2.340174263803420154e-02 4.248366013071898373e-02 7.173004892107898156e-03
1.315402177471423606e+01 7.469437652811736772e-01 2.375243314238020820e-02 8.149959250203763980e-03 7.378144181998142793e-03
1.348123852866503469e+01 7.034664657121326714e-01 2.158907880589757550e-02 2.618688771665410309e-02 6.659592067234563172e-03
1.387389625070189147e+01 7.057195571955720004e-01 2.124858112670807014e-02 2.896678966789668561e-02 6.471232619785513215e-03
1.433199494082481174e+01 6.941678520625889082e-01 2.044740333612292751e-02 3.022759601706972651e-02 6.272803656455720051e-03
1.472465266286166852e+01 6.918518518518518290e-01 2.102894510033060868e-02 1.092592592592593614e-02 6.493582667634503584e-03
1.498642844872640545e+01 6.977802037845706185e-01 2.084897863977232951e-02 5.458515283842872538e-04 6.628111555022432426e-03
1.537908617076326578e+01 7.036157779401022161e-01 2.090852688311703109e-02 -2.647918188458726549e-02 6.760106975215731187e-03
1.577174389280012257e+01 6.933285509325681772e-01 2.036092508973430526e-02 -5.236728837876614140e-02 6.869366896779784994e-03
1.622984258292304105e+01 7.299766718506999208e-01 2.243566357300820491e-02 -3.168740279937789367e-02 7.197206095800347952e-03
1.655705933687383791e+01 6.953007518796991970e-01 2.124032697009025500e-02 -4.078947368421048658e-02 7.056775677295869936e-03
1.694971705891069647e+01 7.336776859504132720e-01 2.368579564439465823e-02 -3.057851239669419352e-02 7.695005106230759853e-03
1.727692785610124204e+01 7.639138240574505634e-01 2.592030262966798365e-02 -3.433572710951526830e-02 8.441800880709438709e-03
1.773502654622416230e+01 7.441027801179442847e-01 2.432731799704717854e-02 5.686604886267892893e-03 7.554634401762597325e-03
1.812768426826102086e+01 7.517286084701816362e-01 2.500986370551478571e-02 3.241140881590319402e-03 7.880689534132829729e-03
