0.000000000000000000e+00 3.340850515463917869e-01 4.415151015424648509e-03 1.143685567010309552e-02 2.514574385865567686e-03
4.652207241700128115e-01 3.248603810775295697e-01 4.304104706003149608e-03 -5.408180026281207697e-02 2.872718294171688978e-03
7.310663231554412889e-01 3.032786885245901676e-01 4.222734183739413130e-03 -1.188947101571742465e-01 3.464665385041349951e-03
1.129828672263925249e+00 2.793526336952150690e-01 4.819738791444505913e-03 -1.907921190188982541e-01 4.680514017307062236e-03
1.528591021372409431e+00 2.312949640287770003e-01 5.623790049520739111e-03 -2.745803357314148818e-01 6.355569779564268322e-03
1.860888946049707560e+00 1.714003645200486425e-01 7.232583588587919617e-03 -3.410540704738760365e-01 8.393082681404408218e-03
2.193192920096663556e+00 7.387247278382580440e-02 9.853081031991286001e-03 -3.952177293934679980e-01 1.079969388290640334e-02
2.591955269205147960e+00 -2.804446690247597296e-02 1.391192028702528845e-02 -3.084891359272359801e-01 1.129002250526548422e-02
2.990717618313632808e+00 -1.544840294840293948e-01 1.861572332050488027e-02 -1.357493857493857481e-01 1.047158792189121536e-02
3.256557167929402752e+00 -1.435504070131496945e-01 1.939784740155650264e-02 1.498121477770819887e-01 9.732778919583531807e-03
3.721783941469073209e+00 -6.645056726094000776e-02 1.663720645250053864e-02 3.360345759049161996e-01 1.038856602689116476e-02
4.054081866146371560e+00 1.117693522906792469e-01 1.155048344783379463e-02 3.736176935229067464e-01 8.626896486602433911e-03
4.519308639686041573e+00 2.046561168594036029e-01 8.826008108949050940e-03 3.479914790018258652e-01 6.802642790026989378e-03
4.851606564363340368e+00 2.665921393269004014e-01 6.793797386785562636e-03 2.688279595198870831e-01 4.747304624497812771e-03
5.183910538410295921e+00 2.995059288537549325e-01 5.668574478146951728e-03 1.959486166007905206e-01 3.479442808973831625e-03
5.516214512457252361e+00 3.191913933715079255e-01 4.917377026424312077e-03 1.183411417664411019e-01 2.682333455183664051e-03
5.981435236627264729e+00 3.284424379232506186e-01 4.435078730092596906e-03 4.276846178652048830e-02 2.373652107729426475e-03
6.380197585735748689e+00 3.301573143042491609e-01 4.347747714813072345e-03 -2.156989944858902011e-02 2.657131538356714753e-03
6.778959934844232649e+00 3.240501976964070829e-01 4.389672315799210411e-03 -9.824651882413613924e-02 3.317451171848691868e-03
7.177722283952718385e+00 2.995247148288973094e-01 4.641377867124518372e-03 -1.701996197718630977e-01 4.304136784481324592e-03
7.510020208630015404e+00 2.665631469979296564e-01 5.431382845905244512e-03 -2.559236254888428430e-01 5.964923050363678952e-03
7.908782557738500252e+00 2.046004842615012365e-01 6.317499524931816622e-03 -3.103309120258272991e-01 7.335026534242602980e-03
8.307544906846985100e+00 1.160778658976208133e-01 8.861863920351001345e-03 -3.687815428983417521e-01 9.811867088271523929e-03
8.706307255955467284e+00 -8.020164986251021588e-04 1.231123046520047996e-02 -3.503666361136572038e-01 1.119409027292147044e-02
9.171534029495138185e+00 -1.249999999999998890e-01 1.683669022822367398e-02 -2.161815068493150860e-01 1.073250987393921559e-02
9.503831954172436980e+00 -1.675257731958762486e-01 1.994231426652969333e-02 2.142396907216496602e-02 9.835793421645653081e-03
9.969052678342450236e+00 -7.507246376811593791e-02 1.760708535902230990e-02 2.784057971014492483e-01 1.015865545812114079e-02
1.023489827732787916e+01 5.858310626702989410e-02 1.330854351620925670e-02 3.542234332425067134e-01 9.225369172878057980e-03
1.076657737655941816e+01 1.817620056497174508e-01 1.015106538714979738e-02 3.629943502824858337e-01 7.757585875829275425e-03
1.109888135060637460e+01 2.407142857142857417e-01 7.468185016257479318e-03 2.936363636363636398e-01 5.379545658515211444e-03
1.143118532465332926e+01 2.925985090521832088e-01 6.127543076597013506e-03 2.253993610223642141e-01 3.963844336554751303e-03
1.169702487426910054e+01 3.156356092040739081e-01 5.315531946038709252e-03 1.411259901923802296e-01 2.941454740954801018e-03
1.216224559843911379e+01 3.276773533424283680e-01 4.682671985833370028e-03 6.471691678035469686e-02 2.421075252648678417e-03
1.256100794754759775e+01 3.332235758972670880e-01 4.391133631865750883e-03 -1.189496213368456540e-02 2.558407753116197832e-03
1.282685354653302667e+01 3.275847599865727156e-01 4.277864658802503148e-03 -8.488586774085264686e-02 3.078273319844338374e-03
1.322561589564150886e+01 3.160250240615977146e-01 4.723762987773879457e-03 -1.528873917228103785e-01 4.096098992169537774e-03
1.355791382031880765e+01 2.926436781609195181e-01 5.379189517745346094e-03 -2.516091954022988686e-01 5.824246994379844895e-03
1.402313454448881913e+01 2.306234203875315858e-01 6.630709457436060640e-03 -3.034962089300757837e-01 7.470173570731881117e-03
1.442190294296696074e+01 1.451160179640719194e-01 9.324093083538410875e-03 -3.410366766467066157e-01 9.781824998706915505e-03
1.482065924270578883e+01 4.670588235294126367e-02 1.263989889866736632e-02 -2.594117647058823417e-01 1.017698860613270098e-02
1.515296321675274527e+01 -1.352624495289367346e-01 2.030236747138888798e-02 -7.806191117092868559e-02 1.127925436032813263e-02
1.561818394092275852e+01 -1.069388920616790584e-01 1.767558448055890283e-02 1.496287835522558118e-01 9.239954717492950345e-03
1.608341071446242765e+01 -7.674016428880214846e-03 1.323373021827315560e-02 2.933419801124081405e-01 8.271498801392987085e-03
1.661508981369397020e+01 1.144648829431437753e-01 9.822834747712966968e-03 3.051839464882943331e-01 6.782727855537750566e-03
1.694739378774092486e+01 2.000772002058672228e-01 7.477911524833688074e-03 3.037828100874935822e-01 5.467912593906163951e-03
1.734615613684940882e+01 2.507051421132566738e-01 6.240397890172577969e-03 2.352462573226296316e-01 4.142323350934428924e-03
1.774491848595789278e+01 2.918678054214630668e-01 5.336108415191290200e-03 1.672855551429632270e-01 3.190477283464158986e-03
1.814368083506637674e+01 3.127272727272727426e-01 4.837179009282198752e-03 8.588744588744590125e-02 2.623106143301525209e-03
