0.000000000000000000e+00 5.829048843187660811e-01 1.676589422183316636e-02 5.237789203084833312e-02 8.004931448513765910e-03
4.106868254844822097e-01 5.531914893617021489e-01 1.599906566325581120e-02 3.535669586983732071e-02 8.065618097385146915e-03
8.213736509689639753e-01 5.750944584382871039e-01 1.630550761007522678e-02 -7.871536523929460738e-03 8.196343847006288055e-03
1.163608518693836302e+00 5.920542635658914143e-01 1.665621270102337140e-02 -5.281007751937983469e-02 8.390282339047939672e-03
1.505849616687003456e+00 6.097724230254351063e-01 1.748004081349867345e-02 -6.258366800535476726e-02 8.882414179493982112e-03
1.916536442171486776e+00 6.019021739130434590e-01 1.760052200394127131e-02 -6.980298913043475606e-02 9.238187719976495224e-03
2.395668995147283820e+00 5.810810810810810301e-01 1.793398914721192755e-02 -9.192745376955899217e-02 1.011187776993755817e-02
2.806355820631767362e+00 6.779238440616500716e-01 2.375625539777817888e-02 -9.746146872166819297e-02 1.271213722901129786e-02
3.217042646116249127e+00 6.226734348561759891e-01 2.168178391028654367e-02 -5.245346869712351479e-02 1.178001376151520570e-02
3.490831786349805288e+00 6.122577927548441545e-01 2.157476281860331094e-02 -2.253580454928392693e-02 1.168798487873246549e-02
3.901524842102583435e+00 6.538281979458449023e-01 2.428366075488667605e-02 -3.267973856209163436e-03 1.277290577550255039e-02
4.380657395078380922e+00 6.457960644007155748e-01 2.329581083890092802e-02 6.976744186046511531e-02 1.170093212570262435e-02
4.859789948054179298e+00 6.159711075441411943e-01 2.086496511856457750e-02 6.540930979133226242e-02 1.054334142523890953e-02
5.202031046047346230e+00 5.880952380952380043e-01 1.882842251031454847e-02 4.560439560439558809e-02 9.524552623203914187e-03
5.612717871531828884e+00 5.933908045977009937e-01 1.858836456213128208e-02 6.806752873563218231e-02 9.122768381854485381e-03
5.886507011765385045e+00 6.413427561837455881e-01 1.905777969145002956e-02 7.314487632508837045e-02 8.550448075643226481e-03
6.297193837249868587e+00 6.041114058355436800e-01 1.750440804944138409e-02 3.995358090185679306e-02 8.233425682904816842e-03
6.844778347985276845e+00 6.209958217270193925e-01 1.850764176032644592e-02 2.402506963788301683e-02 8.817620817816580053e-03
7.118567488218833006e+00 6.374137931034481452e-01 1.854556619085252420e-02 1.034482758620689641e-02 8.560970318886336819e-03
7.597700041194631382e+00 6.090078328981722855e-01 1.733630107253845976e-02 1.240208877284597853e-02 8.219053549650426338e-03
8.008386866679112259e+00 5.983523873570947282e-01 1.756804149393630457e-02 -1.882985877605918359e-02 8.836395282893384426e-03
8.487519419654910635e+00 5.748502994011974732e-01 1.695687667601012208e-02 -3.609447771124418142e-02 8.852235411619531827e-03
8.898206245139393289e+00 5.816115702479338623e-01 1.759211846386336819e-02 -3.460743801652894219e-02 9.223612573953500135e-03
9.377345028383485825e+00 5.690811535881957761e-01 1.692235932821846076e-02 -6.891348088531187854e-02 9.275640833688193060e-03
9.719579896108358597e+00 5.741404011461317403e-01 1.811731236273261825e-02 -4.208452722063038554e-02 9.865120987182991394e-03
1.013026672159284125e+01 6.359721082854798979e-01 2.149846471910094384e-02 -1.148482362592288981e-02 1.112310633079605961e-02
1.054095354707732390e+01 6.238991192954362885e-01 2.092585278137986185e-02 9.607686148919143340e-03 1.078609550960231769e-02
1.095164037256180656e+01 6.483050847457625387e-01 2.349556743696318284e-02 2.832292595896516649e-02 1.229092407213681556e-02
1.143077915580589909e+01 6.156150159744409045e-01 2.101182180465729563e-02 7.248402555910543610e-02 1.091550698082177466e-02
1.177301402353077187e+01 5.635798203178989940e-01 1.782609986624286713e-02 8.880442294402210446e-02 9.311363699862816590e-03
1.232059853426618012e+01 5.609999999999999432e-01 1.713857248042165854e-02 6.133333333333332998e-02 8.805431825278623933e-03
1.259438767449973717e+01 5.322929542645240542e-01 1.568731550577717390e-02 7.540173053152039728e-02 8.116183114831507922e-03
1.307352022747553377e+01 5.231665719158612449e-01 1.438855337105567414e-02 3.709494030699259093e-02 7.366919913059355104e-03
1.348420705296001643e+01 5.527986151182918695e-01 1.483360346829582302e-02 -7.501442585112525797e-03 7.450725590415526421e-03
1.389489387844449908e+01 5.698824984539270222e-01 1.586917766889101369e-02 -3.834260977118119501e-02 8.162087905519541456e-03
1.423713497643766601e+01 5.913610938471099976e-01 1.616275094877760166e-02 -6.727781230577997706e-02 8.302845582799598181e-03
1.451092411667122484e+01 5.913747521480501312e-01 1.709449585553536599e-02 -8.476536682088567365e-02 9.325059428031740386e-03
1.485316521466439177e+01 5.853046594982078688e-01 1.838592651023455982e-02 -6.326164874551970518e-02 1.024695616949139292e-02
1.526385204014887265e+01 6.130191693290734101e-01 2.048927884302947922e-02 -7.268370607028754038e-02 1.133585308079216279e-02
1.560609313814203958e+01 6.086497890295358149e-01 2.138497462209647954e-02 -8.628691983122362130e-02 1.224386023609051050e-02
1.608522569111783795e+01 5.628009630818620046e-01 1.981651570096351622e-02 -6.922150882825039986e-02 1.164333584519247448e-02
1.649591251660232061e+01 5.371376811594201772e-01 1.784438948124949728e-02 -2.699275362318841534e-02 1.015800089509045871e-02
1.690659934208680326e+01 5.893854748603352123e-01 2.034839774704162371e-02 4.070231444533119192e-02 1.074864169279751702e-02
1.724884044007997019e+01 6.060416666666665897e-01 2.134771328638902094e-02 5.104166666666665186e-02 1.111028371485341809e-02
1.765952103529615869e+01 6.363441780821917915e-01 2.242983710910684964e-02 6.635273972602741266e-02 1.140916823560732610e-02
1.807020786078063779e+01 6.358346709470305003e-01 2.123570357812576762e-02 4.373996789727126189e-02 1.064186477253522417e-02
1.848089468626512044e+01 6.047390109890109500e-01 1.813528495497015308e-02 5.752060439560438554e-02 8.724956685024065975e-03
1.882313578425828737e+01 6.229020979020978288e-01 1.863803694591434357e-02 6.083916083916084822e-02 8.688104317407595312e-03
