0.000000000000000000e+00 1.121822962313759886e-01 2.230446758615953901e-02 3.571428571428571508e-01 1.399292158961882790e-02
4.669035741050207022e-01 2.152572442341809111e-01 1.510348369831578282e-02 3.666469544648136569e-01 1.037541779008723485e-02
8.003991885535328699e-01 3.031553398058252080e-01 1.268545162152694139e-02 3.825242718446601464e-01 9.296358918657243384e-03
1.133900874175234996e+00 3.387883008356545322e-01 9.214387452897064568e-03 2.810759052924791113e-01 5.909211640998424629e-03
1.534100468452002541e+00 3.659763313609467605e-01 7.960862950358096879e-03 2.278106508875739344e-01 4.647200131773853750e-03
2.000997971383833285e+00 3.846868365180467486e-01 7.059353546117922568e-03 1.260615711252653925e-01 3.414881697659222313e-03
2.334499657005535411e+00 3.853943292828210243e-01 6.210919008700092371e-03 5.629020729092208686e-02 2.839745701157822631e-03
2.601297362798984381e+00 3.890539576895650775e-01 6.044566683331318094e-03 -2.751366769669599116e-02 3.212762222804923032e-03
3.001496957075750593e+00 3.789386401326699794e-01 5.837396364890841405e-03 -8.439943141435679586e-02 3.680263159734582790e-03
3.468400531180771296e+00 3.632692843219159085e-01 6.499607233533678634e-03 -1.688248398774714332e-01 5.118545810546383870e-03
3.801896145629284796e+00 3.546589018302828689e-01 7.560031404466351947e-03 -2.580698835274542469e-01 7.156256425089720097e-03
4.268793648561117315e+00 2.962847654628477101e-01 9.162191099909355180e-03 -3.249273557492735054e-01 9.441123694621415124e-03
4.602295334182818998e+00 2.420716112531968722e-01 1.142335764426010217e-02 -3.681585677749359964e-01 1.176242198620742335e-02
4.935797019804520680e+00 1.662323157110946470e-01 1.711245980264684829e-02 -3.587118391660461536e-01 1.484069573751120412e-02
5.402694522736351423e+00 4.931506849315070440e-02 2.231448523462645217e-02 -1.812785388127854114e-01 1.366193837822748773e-02
5.802894117013119413e+00 4.344795539033474707e-02 2.362759325649048739e-02 1.305762081784386797e-01 1.207851175468798582e-02
6.136395802634821983e+00 8.178092399403880108e-02 1.946396597835367906e-02 3.200447093889716710e-01 1.200712107876915867e-02
6.603293305566652727e+00 2.089843749999998890e-01 1.559665184995216551e-02 4.136117788461538547e-01 1.153792640095920030e-02
6.936794991188355297e+00 2.853912256897330746e-01 1.187800575339435956e-02 3.686114880144730210e-01 8.686395568801606043e-03
7.336988514291932439e+00 3.264893975092561518e-01 8.865456531928720546e-03 2.616963985190171593e-01 5.538047501973037724e-03
7.670490199913634122e+00 3.427715763680914129e-01 7.184500461408291697e-03 1.809147835556765838e-01 3.889492980121353905e-03
8.070689794190402111e+00 3.705444335937500000e-01 6.423874379455898551e-03 1.113891601562499861e-01 3.037773666311083687e-03
8.537587297122234631e+00 3.776119402985075313e-01 5.936862231630783346e-03 4.098737083811710563e-02 2.769803293881104717e-03
8.937786891398999956e+00 3.838987099856664975e-01 6.065565081242645616e-03 -2.944338270425227513e-02 3.286963573246785928e-03
9.271288577020701638e+00 3.734999999999999987e-01 6.070595110860219253e-03 -1.156874999999999987e-01 4.206370842432047806e-03
9.738186079952534158e+00 3.685153339065634359e-01 6.682687821012453858e-03 -2.019203210088850731e-01 5.719768946510090865e-03
1.007168776557423584e+01 3.446153846153846567e-01 7.684686121255143547e-03 -2.842735042735042295e-01 7.709844540153266285e-03
1.053858526850606836e+01 2.850080710250201821e-01 8.807680093185908665e-03 -3.277845036319612659e-01 9.271742260578084635e-03
1.093878486278283546e+01 2.012897914379803144e-01 1.212223719334877374e-02 -3.979143798024150080e-01 1.273619242795592625e-02
1.140568843688785527e+01 9.780907668231619834e-02 1.804636377585951482e-02 -4.084507042253520681e-01 1.624971197660928998e-02
1.173918405133636789e+01 -1.943634596695664740e-03 2.379844226101741553e-02 -2.456268221574344490e-01 1.520807690428716517e-02
1.213938364561313499e+01 1.840981856990397958e-02 2.662224223855238353e-02 1.013874066168622516e-02 1.328574989254365651e-02
1.260628114854496751e+01 9.499999999999997335e-02 2.333487794966195711e-02 3.775000000000000022e-01 1.495535712083032390e-02
1.293978283416666919e+01 2.194860813704496705e-01 1.828843629612391872e-02 4.584225553176302093e-01 1.380924617549904483e-02
1.333998242844343629e+01 3.013322884012539227e-01 1.363407037146524385e-02 4.114420062695925417e-01 1.029567128865977073e-02
1.374018202272020339e+01 3.334658187599364720e-01 1.035268954320999954e-02 2.982909379968203822e-01 6.679510857320659391e-03
1.414038161699696872e+01 3.573786965259833082e-01 7.604846075497393235e-03 2.043496985357450835e-01 4.201961803103797591e-03
1.454058121127373582e+01 3.825708344164283625e-01 6.899137020184402391e-03 1.398492331687029022e-01 3.316705145820085261e-03
1.494078080555050470e+01 3.869346733668341809e-01 6.208274767970694587e-03 5.778894472361809087e-02 2.765667861672530068e-03
1.527428249117220638e+01 4.011170347804010605e-01 6.464146825999360531e-03 -1.383599898451383370e-02 3.191156807418388339e-03
1.567447601427578263e+01 3.904864454015708475e-01 6.216415588644114663e-03 -1.097669115784139782e-01 4.126251258057030656e-03
1.607467560855254973e+01 3.848860118209962988e-01 6.659747235562653300e-03 -1.800591049817055478e-01 5.307673238942425473e-03
1.647487520282932039e+01 3.718750000000000666e-01 7.939482116484089178e-03 -2.720486111111111160e-01 7.562254380174549852e-03
1.680837688845102207e+01 3.372497824194951588e-01 9.665753609899437396e-03 -3.221279373368147181e-01 9.579896475119253907e-03
1.720857648272778562e+01 2.264285714285714235e-01 1.261078024650560264e-02 -4.008571428571428563e-01 1.312904598196310349e-02
1.754207816834948730e+01 1.473214285714286031e-01 1.794161664770979603e-02 -3.614130434782609202e-01 1.533852377378992424e-02
1.800897567128131982e+01 4.401913875598062464e-02 2.320129943932942515e-02 -1.961722488038276924e-01 1.420062519779097428e-02
1.847587317421315234e+01 9.125766871165619243e-02 2.543721398808018036e-02 1.467280163599182508e-01 1.312146101886939135e-02
