0.000000000000000000e+00 -3.514030612244899432e-01 2.789928685021410629e-02 2.572278911564624543e-02 1.289157754152801816e-02
3.330108383566634522e-01 -1.940921228304406387e-01 2.120997841022724539e-02 3.324432576769026371e-01 1.232034235046613677e-02
7.326153572519560342e-01 -4.288597376387426330e-03 1.500721977373632547e-02 4.508072653884965253e-01 1.152170515132157694e-02
1.198831743398814487e+00 1.343589743589743701e-01 9.872386570038521950e-03 3.991452991452991705e-01 8.049646062049047035e-03
1.598442324531752057e+00 2.269545694664553970e-01 7.481010007225992117e-03 3.298335974643423207e-01 5.819158640539430147e-03
1.931447100650770521e+00 2.768620905487169104e-01 5.818365403089346445e-03 2.220947214688086535e-01 3.790347593457409417e-03
2.397663486797628973e+00 3.147268408551068819e-01 5.058783179862421688e-03 1.500091357573542783e-01 2.871782859266079971e-03
2.797274067930566765e+00 3.281558185404339634e-01 4.462836701500372087e-03 6.755424063116372002e-02 2.385154762211296256e-03
3.196884649063505002e+00 3.366958353589369901e-01 4.282820960337211345e-03 6.481931615621432542e-04 2.492740939673563586e-03
3.596495230196443238e+00 3.289610840861709185e-01 4.402224644368292819e-03 -7.496525364836693905e-02 3.165114226157644383e-03
3.929500006315461036e+00 3.133308013672617132e-01 4.563205910920316473e-03 -1.521078617546524903e-01 4.090079517892088526e-03
4.395716392462319710e+00 2.713941781571460599e-01 4.995553902189675197e-03 -2.415189319325891926e-01 5.566118910726895914e-03
4.662121425805063168e+00 2.190952130457653746e-01 5.869188494774682172e-03 -3.218043135192004134e-01 7.342979045940382921e-03
5.061732006938001405e+00 1.296054776654710916e-01 7.532906259848095101e-03 -3.716172155200521687e-01 9.125370099860754050e-03
5.527942330847213981e+00 1.234023799030414814e-02 1.115305611786727297e-02 -4.078889378580872194e-01 1.171548779145884997e-02
5.794353426427603537e+00 -1.643712574850300090e-01 1.720509871855787146e-02 -3.862275449101797431e-01 1.384618725334592175e-02
6.260563750336816113e+00 -3.089271730618635692e-01 2.463605410749897598e-02 -1.920516836335160460e-01 1.321363842361775696e-02
6.593568526455833023e+00 -2.596073517126149532e-01 2.592397692512428756e-02 1.532999164578112139e-01 1.238618350480570098e-02
6.926579364812496920e+00 -6.170076726342710316e-02 1.881528034816254066e-02 4.032928388746802040e-01 1.272666783074173635e-02
7.459395493735630822e+00 9.250879839115133674e-02 1.423774898289171913e-02 4.700854700854701917e-01 1.172537411380254573e-02
7.792400269854647732e+00 2.069301666075858970e-01 9.966511607779674625e-03 4.125310173697270266e-01 8.387844899292428921e-03
8.058811365435037288e+00 2.663772691397001124e-01 7.428852294371644793e-03 3.230728755590633883e-01 5.712999143338287275e-03
8.525021689344249864e+00 3.046222871452420877e-01 5.912934520789902421e-03 2.306448247078464464e-01 3.918930558481786147e-03
8.791426722686994211e+00 3.260628465804066844e-01 5.211536392223404049e-03 1.662199630314232790e-01 3.058497966300042885e-03
9.191037303819930671e+00 3.359322319622386477e-01 4.626642730022312820e-03 7.998988536749833400e-02 2.467613923976652579e-03
9.657247627729145023e+00 3.367163201833360819e-01 4.316577655515211817e-03 -1.718775577017522165e-03 2.523104940302378033e-03
9.923658723309534579e+00 3.231829573934836830e-01 4.188344574150792976e-03 -7.865497076023389433e-02 3.065107359909068768e-03
1.032326930444247104e+01 3.093895452918009048e-01 4.240908086292205850e-03 -1.511815252416756350e-01 3.863650058167634928e-03
1.065627408056148973e+01 2.762237762237761962e-01 4.776758109162990151e-03 -2.376562831108285090e-01 5.349530717594757831e-03
1.105588466169442796e+01 2.177440808725724652e-01 5.905502641807359836e-03 -3.271481777068369623e-01 7.449373725503054787e-03
1.145549524282736442e+01 1.231522860089378502e-01 8.000707686147395109e-03 -4.038329322791336939e-01 1.001320956246903870e-02
1.178850608118403009e+01 -7.627952755905442750e-03 1.260811244491116985e-02 -4.766240157480314821e-01 1.401250736019650153e-02
1.225471640509324267e+01 -2.022821576763484952e-01 2.032748079799054017e-02 -3.907330567081604422e-01 1.570474824745727790e-02
1.252112750067363223e+01 -3.367647058823529660e-01 2.694677667752919809e-02 -1.037815126050420367e-01 1.322707539423313185e-02
1.292073808180657046e+01 -2.688569206842923442e-01 2.485016473133716541e-02 2.449455676516329727e-01 1.251365151693118079e-02
1.325374285792558737e+01 -8.148364485981307581e-02 1.772835193360504380e-02 4.475759345794392274e-01 1.266264421561075562e-02
1.365335343905852561e+01 1.073607157381048505e-01 1.184653255767420185e-02 4.777348515656770767e-01 1.038078067043543204e-02
1.405296402019146385e+01 2.160796324655436806e-01 8.618463034796713940e-03 3.665390505359877316e-01 6.937267687574769255e-03
1.438597485854812597e+01 2.744063324538258408e-01 6.570013866393772245e-03 2.426241304869272697e-01 4.329487782823791819e-03
1.478558543968106420e+01 3.129782224838140170e-01 5.288246576118096724e-03 1.450362958603099717e-01 2.871530472795530767e-03
1.518519602081400421e+01 3.260781122864117032e-01 4.240863131407627933e-03 4.906427990235964071e-02 2.112286288792301382e-03
1.545160105415674678e+01 3.389242094696335861e-01 4.222085666172652185e-03 -1.940772963024929229e-02 2.403150001409353701e-03
1.598441718307988246e+01 3.451800450112528229e-01 4.522530424320935459e-03 -1.064328582145536578e-01 3.359985816154497512e-03
1.638402776421282070e+01 3.358856286142642422e-01 4.964673171876565240e-03 -1.972049689440994180e-01 4.789845178418003502e-03
1.678363834534575716e+01 3.084583901773533254e-01 6.104340947572523685e-03 -3.389495225102319154e-01 7.742068593790900517e-03
1.718324892647869717e+01 2.545519457336665736e-01 8.048166889377938310e-03 -3.997679400214209089e-01 1.023085813178151518e-02
1.744965395982143974e+01 1.377040547656660507e-01 1.248727325487066116e-02 -4.410215903106898261e-01 1.395824552033023656e-02
1.791586428373065232e+01 -6.488684582743997620e-02 1.920597127434008067e-02 -3.083451202263083335e-01 1.460102289395983841e-02
