0.000000000000000000e+00 1.149080735411671661e-01 1.857361986826969180e-02 -4.400479616306954278e-01 1.758473040878055782e-02
4.009187366348383463e-01 -3.094660194174747581e-02 3.037714058096461361e-02 -2.770024271844660491e-01 1.989655889602739980e-02
8.018374732696775808e-01 -9.575688073394506006e-02 3.048972484784415529e-02 1.654243119266055051e-01 1.527533943000627253e-02
1.135938447826323028e+00 2.450130095403291186e-02 2.297643710477065976e-02 4.063313096270598779e-01 1.510772372199738200e-02
1.603674946539354940e+00 1.654654654654653667e-01 1.580174057438673771e-02 4.543543543543543395e-01 1.233655518619338788e-02
2.004593683174193952e+00 2.515782828282828176e-01 1.102897129031875541e-02 3.740530303030302761e-01 8.246791888588464806e-03
2.338694657730839399e+00 3.197923533289387388e-01 8.710000969841544607e-03 2.848549769281476518e-01 5.715325443908927244e-03
2.739613394365677745e+00 3.514797719250611352e-01 7.207969100435977078e-03 1.973934292696171711e-01 3.986483280199678431e-03
3.140532131000516536e+00 3.700023380874444823e-01 6.199366000127047235e-03 1.163198503624035540e-01 2.975271399583787318e-03
3.541450867635355326e+00 3.915848367207124814e-01 6.024220285125930080e-03 4.258963233614979083e-02 2.856295107465475335e-03
4.009187366348387016e+00 3.904481404481404128e-01 5.868462868326764295e-03 -3.938553938553938233e-02 3.236808954070861683e-03
4.343288340905032463e+00 3.824181236148732066e-01 6.008235301328265082e-03 -1.172740704260034350e-01 4.164662818493096615e-03
4.811024839618064597e+00 3.621067031463748309e-01 6.326846431605020506e-03 -2.095759233926128562e-01 5.659228086775829232e-03
5.211943576252902943e+00 3.243113388853300361e-01 7.084357030965170859e-03 -2.751441383728379098e-01 7.233819215735087620e-03
5.679680074965935077e+00 2.786989795918367041e-01 9.216238491328077043e-03 -3.667091836734693855e-01 1.029973213774515450e-02
6.080598811600774312e+00 1.967097862767154259e-01 1.230759839541081813e-02 -4.341957255343082411e-01 1.364992192632202665e-02
6.414699786157419759e+00 4.946413849958786191e-02 1.933777648876418981e-02 -4.616652926628194153e-01 1.819241402555765719e-02
6.748794678631225175e+00 -3.499469777306463136e-02 2.643610432559132667e-02 -2.682926829268292845e-01 1.719763386838145044e-02
7.216537259427096451e+00 -4.152445961319695122e-02 2.904681365198454046e-02 7.821387940841857678e-02 1.404336311459766264e-02
7.617455996061935686e+00 5.549845837615619004e-02 2.665958355754956266e-02 4.601747173689620385e-01 1.830340960826432398e-02
7.951550888535741102e+00 1.879858657243816955e-01 1.833550130456876315e-02 5.056537102473498413e-01 1.478379910727922568e-02
8.352469625170581224e+00 2.715639810426540568e-01 1.240386007400991024e-02 4.020142180094786744e-01 9.478033869762966801e-03
8.686570599727225783e+00 3.405976398934146276e-01 1.000280232480728164e-02 3.060525314046441125e-01 6.604285961423562827e-03
9.154307098440256141e+00 3.568926870271784679e-01 7.549390839597050311e-03 2.369010927430652558e-01 4.527590902904781063e-03
9.421590310918709577e+00 3.782822085889571140e-01 6.562683215930296791e-03 1.439877300613497113e-01 3.226992004604160944e-03
9.822502965470707892e+00 3.861277675276753030e-01 6.037633540562664658e-03 5.546586715867160566e-02 2.779174266222784843e-03
1.022342170210554890e+01 3.980463980463980755e-01 6.240274944638951778e-03 -1.361416361416359529e-02 3.136300249354375541e-03
1.062434043874038636e+01 3.838117106773823450e-01 5.608898565154017517e-03 -1.078071182548794582e-01 3.798671499412255032e-03
1.095844141329703092e+01 3.755316321105794941e-01 6.240848192896874050e-03 -1.868686868686868785e-01 5.222836940594295825e-03
1.142617791201006305e+01 3.471679687499999445e-01 7.272984421842509407e-03 -2.784016927083333148e-01 7.344828119802373177e-03
1.176027888656670939e+01 3.204034941763726496e-01 9.084788967423745171e-03 -3.392262895174708581e-01 9.599675488827322592e-03
1.216119762320154862e+01 2.108219988172679304e-01 1.290507269084384574e-02 -5.004435245416911648e-01 1.559780893935309130e-02
1.256211635983638786e+01 9.738717339667457562e-02 1.830466643229857263e-02 -4.530878859857482843e-01 1.760507484404499889e-02
1.309667670271045203e+01 -3.196721311475414495e-02 2.718951378507421940e-02 -2.571038251366120631e-01 1.736583048049274852e-02
1.336395383310606455e+01 1.260504201680667791e-02 3.022004372845094045e-02 1.128451380552220745e-01 1.522564077158847402e-02
1.376487256974090201e+01 -2.087628865979351822e-02 2.714856496195373198e-02 4.273195876288660155e-01 1.733711279124660470e-02
1.416579130637574124e+01 1.722674813306178665e-01 1.758107143368650704e-02 4.611337406653088777e-01 1.344405672071159047e-02
1.456671004301057870e+01 2.772172688878460911e-01 1.222746979010329652e-02 3.889019239793524152e-01 9.141483946831513094e-03
1.490080493548438589e+01 3.309352517985612030e-01 9.605632920153343510e-03 3.306654676258992676e-01 6.787291591348864825e-03
1.530172367211922513e+01 3.704090773365183997e-01 8.084499172095034603e-03 2.518662287249925358e-01 4.934295548539807327e-03
1.576946625291509640e+01 3.782035175879397415e-01 6.742397331273291584e-03 1.503768844221105849e-01 3.390219778216013204e-03
1.610356114538890182e+01 3.911938534278959767e-01 6.267631843383878430e-03 6.843971631205675310e-02 2.924196011557619879e-03
1.650447988202374106e+01 3.869733924611973297e-01 5.658134352701316497e-03 -1.790465631929046356e-02 2.934845913196292618e-03
1.690539861865858029e+01 3.843232044198894859e-01 5.659614024889599374e-03 -8.862799263351750501e-02 3.591708217473111014e-03
1.730631735529341952e+01 3.683734160848202710e-01 6.039105508909830416e-03 -1.764287561417118844e-01 4.968310676956542125e-03
1.770723609192825521e+01 3.391608391608391115e-01 6.734733919086382213e-03 -2.588932806324110714e-01 6.694645230734876454e-03
1.797451930440670864e+01 3.033170533170533312e-01 8.865553889409110572e-03 -3.701668701668701655e-01 1.012230360730339944e-02
1.850907356519793368e+01 2.437810945273631846e-01 1.217563446689115710e-02 -4.409894969596462877e-01 1.380097526553504018e-02
