0.000000000000000000e+00 3.412063953488371770e-01 4.343823852684381565e-03 1.336401808785529430e-02 2.376863085227522848e-03
3.337808909207642394e-01 3.336344227295122700e-01 4.241565380374554863e-03 -6.290031203810146632e-02 2.884705899916624287e-03
8.010692772050886923e-01 3.231025779700739120e-01 4.399358111432507233e-03 -1.401207860104560776e-01 3.752834574609007108e-03
1.134850168125852932e+00 2.831164675767917638e-01 4.937132392991528534e-03 -2.294155290102389000e-01 5.270212929631058578e-03
1.468624982790684985e+00 2.525138925641703946e-01 6.010063947286909021e-03 -3.248875363852871123e-01 7.418249094148731369e-03
1.869159621393228665e+00 1.618085458761179818e-01 7.757426524638224782e-03 -3.859721762172904636e-01 9.544622177945886327e-03
2.202940512313992905e+00 4.526897214217096010e-02 1.213742684301899986e-02 -4.440441882804995188e-01 1.321680246184764318e-02
2.603475150916536585e+00 -1.344759393539880499e-01 1.888795032107280780e-02 -3.480553724456164066e-01 1.439363062653992859e-02
3.004009789519082041e+00 -2.781030444964871506e-01 2.489203836078054607e-02 -3.883684621389543040e-02 1.204615570994162915e-02
3.471298175803404717e+00 -2.057072829131653124e-01 2.233829361620450274e-02 2.704831932773108516e-01 1.199017050405664329e-02
3.805079066724169401e+00 -2.866414277988105219e-02 1.632008993733704422e-02 4.351000540832882235e-01 1.185106640638205859e-02
4.272367453008493854e+00 1.333462732919254989e-01 1.123635550673456052e-02 4.226513975155279379e-01 9.145143862533317014e-03
4.606148343929257649e+00 2.295391061452513592e-01 8.020086517397937917e-03 3.430865921787709105e-01 6.255103760788941966e-03
4.939923158594090147e+00 2.755806310254163005e-01 6.240385019731909018e-03 2.481923751095530262e-01 4.216809092077658180e-03
5.407217621134346786e+00 3.162264150943396301e-01 5.341640633733628005e-03 1.712735849056603865e-01 3.106259236938707907e-03
5.740992435799177507e+00 3.338300408719345747e-01 4.695465958043936947e-03 8.323399182561308507e-02 2.418499656161988628e-03
6.208286898339435922e+00 3.389974168550209388e-01 4.352691288175326162e-03 1.182596060703906826e-02 2.419632374606726401e-03
6.542061713004265755e+00 3.363399899311965147e-01 4.389240738187187574e-03 -5.458130558818593409e-02 2.921122503176139598e-03
6.875842603925030438e+00 3.246806569343065885e-01 4.502810935176305637e-03 -1.377281021897810154e-01 3.806834768337746550e-03
7.276377242527574118e+00 3.002096667402339714e-01 5.184075091002725982e-03 -2.316817479585080164e-01 5.451862023033871713e-03
7.743665628811898571e+00 2.439323521817712004e-01 5.887561001231961071e-03 -3.130002581977794907e-01 7.148673399751455382e-03
8.077446519732664143e+00 1.674072939013178662e-01 7.110557975186380421e-03 -3.581060373889058956e-01 8.618653722867183203e-03
8.411221334397493976e+00 5.118369136343714487e-02 1.094453691288146957e-02 -4.299649276633055184e-01 1.211922506492421961e-02
8.811762049255971618e+00 -1.065451285116556512e-01 1.673964797690986536e-02 -3.522115959354453207e-01 1.324111505688403863e-02
9.279050435540295183e+00 -2.533457249070631967e-01 2.318600271591737469e-02 -1.369888475836431030e-01 1.215568352149103137e-02
9.679585074142840639e+00 -2.311284046692605454e-01 2.438615041470242398e-02 1.394941634241244621e-01 1.177496015376803748e-02
1.008011971274538432e+01 -7.016698779704555466e-02 1.928831861524005903e-02 4.213230571612074926e-01 1.314597207333275883e-02
1.054740809902970788e+01 1.298298068077277101e-01 1.307781941847565785e-02 4.353725850965961541e-01 1.045527808896067924e-02
1.081442916601275961e+01 2.191485969387754751e-01 9.184959813529803771e-03 3.914221938775510057e-01 7.576501374933213191e-03
1.114821005693352340e+01 2.640075376884422065e-01 7.237122706308646465e-03 3.143844221105527303e-01 5.468424321904267506e-03
1.154874469553606886e+01 3.114169215086646236e-01 5.835610114727345435e-03 2.183486238532109935e-01 3.710073101974266201e-03
1.194927933413861254e+01 3.330280271111925039e-01 5.133460465621710739e-03 1.290071441655981088e-01 2.758288912035048411e-03
1.234981397274115800e+01 3.355715427657874339e-01 4.335901683169990709e-03 3.709032773780975706e-02 2.286813569473367287e-03
1.275034861134370168e+01 3.374801271860095042e-01 4.145980561241234541e-03 -3.342607313195546798e-02 2.542616174747790170e-03
1.315088324994624536e+01 3.325629173086800394e-01 4.239893318802897063e-03 -1.156052045882554336e-01 3.357619667018764496e-03
1.348465806461107519e+01 3.157182929272691063e-01 4.742956399209710856e-03 -1.908435183329993956e-01 4.581937250084728436e-03
1.388519270321361887e+01 2.715305118110236116e-01 5.580377854113996623e-03 -3.093011811023622104e-01 6.870971826635111079e-03
1.421897359413438622e+01 2.106562599553997717e-01 7.342197238807369672e-03 -3.855527237973876975e-01 9.340976883134392839e-03
1.468626198041870978e+01 8.904264972776765319e-02 1.120009437431611354e-02 -4.511116152450090344e-01 1.294161874164561667e-02
1.495328912365769547e+01 -4.912067919951479400e-02 1.674393856785868009e-02 -3.223165554881746719e-01 1.333106093911040971e-02
1.535382376226023915e+01 -3.141809290953544442e-01 2.630561740134348264e-02 -1.255093724531377297e-01 1.347404058874274689e-02
1.582111214854456094e+01 -2.337819185645273468e-01 2.246181875455427468e-02 2.436162870945478842e-01 1.159305363656413027e-02
1.615489303946532829e+01 -6.585300429184548499e-02 1.650186997365252206e-02 4.006169527896995541e-01 1.121373883005579927e-02
1.668893517343143174e+01 1.186736474694590204e-01 1.016928935043863620e-02 3.638743455497382429e-01 7.666192156309577753e-03
1.708946981203397542e+01 2.080916473317865889e-01 8.349474109731729737e-03 3.599912993039443010e-01 6.635935571769046096e-03
1.742325070295473921e+01 2.690617446715007910e-01 6.284356570902177586e-03 2.548890353768403227e-01 4.318354509902489966e-03
1.789053908923906278e+01 3.117414756308996560e-01 5.456287440075932929e-03 1.773743016759776747e-01 3.222450986623190666e-03
1.815756015622211450e+01 3.289224952741021113e-01 4.753144149050537483e-03 7.832101735693419720e-02 2.518405238926254251e-03
