0.000000000000000000e+00 5.615536537195524591e-01 1.676886208803178915e-02 -1.974983541803818424e-02 6.465955730805834044e-03
2.481374253059414059e-01 5.543899289864429036e-01 1.643080902396384241e-02 -1.194318915429310075e-02 6.328504922640146996e-03
6.823849777727404309e-01 5.507682030728122680e-01 1.685692378614007253e-02 -1.653306613226451435e-02 6.509914587845612791e-03
1.054593939004214498e+00 5.426509186351706759e-01 1.654740392975290533e-02 -1.640419947506818071e-04 6.310822941515577093e-03
1.426802900235687455e+00 5.629420084865630614e-01 1.787781288267889512e-02 -2.086280056577084416e-02 6.913096929952040372e-03
1.799011861467160411e+00 5.530821917808219634e-01 1.727231545969954915e-02 -2.191780821917807889e-02 6.763637761578505415e-03
2.047149286773103150e+00 5.666548797736916665e-01 1.801791897310507651e-02 2.121640735502114232e-03 6.840947714163797544e-03
2.481391192694782699e+00 5.583164300202840824e-01 1.720361761281393245e-02 -3.887762001352260653e-03 6.599564464670993995e-03
2.853600153926255434e+00 5.685224839400428998e-01 1.819975443116721159e-02 1.891506067094931090e-02 6.729065000977283578e-03
3.225809115157728169e+00 5.587614356087262646e-01 1.786602850895321892e-02 1.354679802955666840e-02 6.731967967350622507e-03
3.535985131698996753e+00 5.493704440026508928e-01 1.680973130003475188e-02 1.805831676607024330e-02 6.247139985571906716e-03
3.970227037620675414e+00 5.464690206528981520e-01 1.692639515508706505e-02 2.165223184543638851e-02 6.429692695250769155e-03
4.218364462926617264e+00 5.608552631578948011e-01 1.685359024323256419e-02 2.319078947368418894e-02 6.184909511482767318e-03
4.652612015393416733e+00 5.499349381912816970e-01 1.654550714450063117e-02 1.724137931034481694e-02 6.147201257289674516e-03
5.024820976624889468e+00 5.602429415627051545e-01 1.686787910198446830e-02 1.592252133946159276e-02 6.389574297081995584e-03
5.397029937856363091e+00 5.335612181479180149e-01 1.565755197445622277e-02 -3.729024238657538230e-03 6.020410351776733088e-03
5.769238899087836714e+00 5.585278858625162268e-01 1.660953586032260995e-02 3.080415045395587872e-03 6.321365058500410042e-03
6.141447860319309449e+00 5.582842174197774066e-01 1.669218348885039352e-02 -1.178781925343810703e-02 6.425649117135599254e-03
6.513656821550783071e+00 5.294209215442092775e-01 1.559636186546725298e-02 -1.541095890410957604e-02 6.087133140655737705e-03
6.823827191546930848e+00 5.551794177386595308e-01 1.713977809647422926e-02 -2.775897088693298279e-02 6.827808002293813024e-03
7.258074744013729429e+00 5.397985705003249812e-01 1.638664304514725334e-02 -6.822612085769974057e-03 6.381237747334758854e-03
7.568245114009877206e+00 5.515358361774744811e-01 1.720527145135673786e-02 -1.723549488054607753e-02 6.683590698631779702e-03
8.002487019931555423e+00 5.626755617977527990e-01 1.782406289210998473e-02 -2.352528089887637522e-02 7.063192923108333084e-03
8.250630091782618081e+00 5.432525951557094501e-01 1.731854874683046858e-02 -9.169550173010375393e-03 6.653467170935125144e-03
8.622839053014091704e+00 5.436666666666667425e-01 1.680754019502578647e-02 -7.833333333333313692e-03 6.541475934940631579e-03
8.933009423010238592e+00 5.615357643758766004e-01 1.781795883821826049e-02 7.363253856942489350e-03 6.713091619012798508e-03
9.305218384241712215e+00 5.383831521739130821e-01 1.712382608641536269e-02 2.972146739130432022e-02 6.455603088808881118e-03
9.615394400782980355e+00 5.707514044943819975e-01 1.796748814411911963e-02 1.351825842696630954e-02 6.683265762813176206e-03
9.987603362014453978e+00 5.457439678284182749e-01 1.695338902437583742e-02 6.869973190348527443e-03 6.492020115831569418e-03
1.042184526793613131e+01 5.550763105507631190e-01 1.686576233166025077e-02 9.621765096217670121e-03 6.269402806441649011e-03
1.073202128447739945e+01 5.439337085678549455e-01 1.591477037857177979e-02 1.110068792995619162e-02 6.004958616400248028e-03
1.110423024570887307e+01 5.553547963206307836e-01 1.674671496926422032e-02 1.511169513797632792e-02 6.210502169356615226e-03
1.147643920694034847e+01 5.426670992861778453e-01 1.640624047284966816e-02 2.433484750162232327e-03 6.266759539484273445e-03
1.178660957693649358e+01 5.663746630727762854e-01 1.723079427943107617e-02 -5.053908355795147869e-03 6.541089686304121104e-03
1.215881853816796720e+01 5.468243681140635415e-01 1.640598434163375793e-02 -2.090084251458197012e-02 6.500668179813533232e-03
1.240696161001902986e+01 5.600263852242745033e-01 1.674880439868042803e-02 -2.407651715039578130e-02 6.463161295259424802e-03
1.284120351594070719e+01 5.505972130059721970e-01 1.675245581473385967e-02 -2.156602521566026304e-02 6.535857895166869401e-03
1.315137953248197533e+01 5.541638456330399976e-01 1.710495466653878804e-02 -1.117129316181450331e-02 6.526909369568406269e-03
1.352358849371345073e+01 5.399659863945578397e-01 1.708194964582427158e-02 -6.802721088435349610e-03 6.682804541355601494e-03
1.383375886370959762e+01 5.737645348837210335e-01 1.856027109709734724e-02 7.267441860465090157e-04 7.074126814851495332e-03
1.420596782494107124e+01 5.623671155209072348e-01 1.802081030114541932e-02 4.783841247342303371e-03 6.879296915975553241e-03
1.464020973086275035e+01 5.708744710860367277e-01 1.804688593357062568e-02 1.004936530324399870e-02 6.780951260494402430e-03
1.495038574740401849e+01 5.429141716566866505e-01 1.678596649470903701e-02 7.152361942781087882e-03 6.380009781492123472e-03
1.532259470863549211e+01 5.440789473684211064e-01 1.660390364609532626e-02 1.710526315789474838e-02 6.116819854223888575e-03
1.563277072517676025e+01 5.428617992177314777e-01 1.648529935271846741e-02 1.760104302477184454e-02 6.138258665718944983e-03
1.600497968640823387e+01 5.477509778357236847e-01 1.656636059500852728e-02 2.134941329856584330e-02 6.161113248493047499e-03
1.637718864763970572e+01 5.530403172504958498e-01 1.679234610998030230e-02 -9.914077990747002106e-04 6.405956843770803204e-03
1.674939760887117757e+01 5.756756756756756799e-01 1.742700622226680054e-02 6.756756756756732195e-04 6.585695274444693451e-03
