0.000000000000000000e+00 1.534612176814013074e-01 2.099800953708039555e-02 3.924103419516262736e-01 1.358830487027367848e-02
4.672509588569995209e-01 3.116293155663235059e-01 1.539189608740930242e-02 3.837068443367656068e-01 1.049010266681585889e-02
8.677535166685022006e-01 3.607345867949278695e-01 1.133581455626517763e-02 2.998469610843900179e-01 6.968614895602381898e-03
1.268256074480003548e+00 3.924225663716813806e-01 9.783628416009333695e-03 2.517514749262536600e-01 5.542586376817466506e-03
1.668758632291504895e+00 4.154330708661417293e-01 8.392865896180042723e-03 1.562204724409448631e-01 3.888492945906046102e-03
2.069261190103007575e+00 4.303135888501742334e-01 7.705352225225863515e-03 7.527584204413471924e-02 3.216355365592432798e-03
2.403009271099754596e+00 4.362382712539096263e-01 7.441297825217046101e-03 -4.833665055444979347e-03 3.400364872120431765e-03
2.870266305726010714e+00 4.258203559510567171e-01 6.991545440628999485e-03 -8.099276974416018404e-02 3.864196882255098268e-03
3.270768863537513393e+00 4.224002513352184129e-01 7.644737770090379893e-03 -1.573201382343700772e-01 5.230848748630030111e-03
3.671271421349014741e+00 4.121093750000000555e-01 8.700519967628699697e-03 -2.428385416666666852e-01 7.192316768990608851e-03
4.071773979160517420e+00 3.747183415953131980e-01 1.010788961667659185e-02 -3.163587201442090713e-01 9.473334905960062099e-03
4.539024938017517385e+00 3.602133160956690894e-01 1.442678781830262699e-02 -4.387524240465416892e-01 1.477661456752799030e-02
4.939527495829019621e+00 2.967150170648464869e-01 1.913019227335555073e-02 -4.200085324232081252e-01 1.718572164876848787e-02
5.340030053640520968e+00 2.349939975990396057e-01 2.741625993504709716e-02 -3.403361344537815247e-01 1.952341398162778241e-02
5.740532611452022316e+00 2.066290550070521981e-01 3.367435238910680001e-02 3.244005641748938518e-02 1.665472699875388332e-02
6.141035169263525439e+00 1.926787741203179749e-01 2.791236716368995091e-02 3.671963677639046297e-01 1.666184405159804732e-02
6.541537727075026787e+00 2.934514003294893536e-01 2.077725812633790178e-02 4.495469522240526095e-01 1.470271548000064502e-02
7.008788685932025864e+00 3.635778635778635914e-01 1.650107424697254063e-02 4.148970398970399098e-01 1.150350531232854565e-02
7.275788365883276043e+00 3.771094764171354363e-01 1.122211574621679621e-02 2.885114668974469998e-01 6.657000046563257313e-03
7.676290923694779167e+00 4.125307990144314596e-01 9.499530397473671117e-03 2.449841605068638073e-01 5.286531893713699096e-03
8.076793481506280514e+00 4.155737704918033848e-01 8.019912482514605229e-03 1.572280178837555942e-01 3.756212890589816829e-03
8.544050516132536188e+00 4.376465416178194623e-01 7.901111456690874946e-03 9.994138335287221231e-02 3.357114777181964636e-03
8.811050196083785480e+00 4.488299763033175016e-01 7.863985729505975145e-03 3.184241706161146032e-03 3.560319718768083404e-03
9.211552753895286827e+00 4.214188267394269882e-01 6.910434473876563878e-03 -7.428376534788540264e-02 3.837285166403167896e-03
9.478552433846536118e+00 4.139590854392298791e-01 7.348241357831577884e-03 -1.524518652226233284e-01 5.096082037198705096e-03
1.001255786951829130e+01 4.076422206991090480e-01 8.062682815806205411e-03 -2.145305003427004920e-01 6.388823905968897196e-03
1.034631202628429492e+01 3.650169923534409278e-01 9.497977480368109335e-03 -2.829226847918436816e-01 8.490083924869988585e-03
1.081356298514129577e+01 3.289098173515981882e-01 1.256481681196681445e-02 -4.101027397260274543e-01 1.306219083669558564e-02
1.114731106613804279e+01 2.573418674698795261e-01 1.678636953472733423e-02 -4.070030120481927804e-01 1.557361320742879293e-02
1.154781362394954414e+01 2.450440528634362236e-01 2.519289200406384099e-02 -3.672907488986784652e-01 1.922954369510769534e-02
1.201507065857579981e+01 2.563202247191012084e-01 3.305685543100034957e-02 -9.796348314606738439e-02 1.742693736852753833e-02
1.234881873957254861e+01 1.643489254108723152e-01 3.099254707681598289e-02 3.106826801517067471e-01 1.723475496088442208e-02
1.268257289633855223e+01 2.650602409638554979e-01 2.134096959845453723e-02 3.698364888123923944e-01 1.338582752612177580e-02
1.314982385519555130e+01 3.251262626262625965e-01 1.617107723551564416e-02 4.196654040404040886e-01 1.156738250858896887e-02
1.348357801196155492e+01 3.753012048192771455e-01 1.265877705592933188e-02 3.636144578313252329e-01 8.605441178010117195e-03
1.388408056977305627e+01 4.000914076782449147e-01 9.838456168342658154e-03 2.760511882998171185e-01 5.871261366262213281e-03
1.421783472653905989e+01 4.195109944207417452e-01 9.005048972843628444e-03 2.211191335740072261e-01 4.885582589461730588e-03
1.461833728435056479e+01 4.242360527053546937e-01 7.518467738770996667e-03 9.833193159517801540e-02 3.239075977706395125e-03
1.501883376639280776e+01 4.297587131367292534e-01 7.060619441527163538e-03 2.050938337801606198e-02 3.071507108066076717e-03
1.541933632420430911e+01 4.207557071634741575e-01 6.694664041769742523e-03 -5.812122802414065870e-02 3.557518899433958267e-03
1.588659335883056656e+01 3.946720248898107353e-01 6.275107191336516330e-03 -1.136893959035519819e-01 4.019004394304788105e-03
1.622034143982731536e+01 4.014897890860396057e-01 7.849055972086361674e-03 -2.223803146970204647e-01 6.445385575034388685e-03
1.655409559659331720e+01 3.884922301553969115e-01 9.561547742393887786e-03 -3.103737925241495388e-01 9.032175275297246730e-03
1.702134655545031805e+01 3.391022174148188295e-01 1.200834245181400112e-02 -3.983234180638182687e-01 1.246913284844848417e-02
1.735510071221632344e+01 3.170920340293891249e-01 1.738002871752513182e-02 -5.139211136890950993e-01 1.866693236791552857e-02
1.775560327002782302e+01 2.024725274725276414e-01 2.528650139389402446e-02 -3.670329670329670058e-01 1.932555950855796914e-02
1.808935742679382841e+01 1.414728682170545149e-01 3.101592751473660273e-02 -3.036175710594307686e-02 1.579855618386243055e-02
1.855660838565082571e+01 1.294797687861273250e-01 2.846641487510419288e-02 2.494219653179191309e-01 1.504557940873387477e-02
